1072698526
1072698542
1072698605
1072698631
1072704320
1072704335
1072704339
1072704360
1072704370
1072704379
1072704384
1072704385
1072704388
1072704390
1153895611
1153895612
1156119116
1156119151
1156126792
1156126793
1156126794
1156126795
1156126796
1156126797
1156126798
1156126835
1156126836
1156126849
1156126856
1156126879
1156126880
1156126882
1156126883
1157121784
1157121785
1159131046
1159131458
1159131461
1159131822
1159131824
1159131825
1159131854
1159131855
1159131856
1159131919
1159132217
1159134903
1159134910
1159134924
1159134927
1159134936
1159134952
1159136172
1159136176
1159137566
1159137575
1159138260
1159138261
1159138412
1159138415
1159138496
1159138498
1159139099
1159139100
1159139101
1159139102
1159139103
1159139949
1159141240
1159143633
1159143637
1159143853
1159143854
1159144695
1159144963
1159144966
1159145482
1159145485
1159145919
1159146549
1159148358
1159148361
1159148556
1159148557
1159148928
1159148929
1159148964
1159148967
1159149010
1159149120
1159149121
1159149125
1159149344
1159149345
1159149348
1159149349
1159149361
1159149478
1159149479
1159152134
1159153512
1159153520
1159154995
1159155007
1159155214
1159155218
1159155219
1159155221
1159155243
1159155247
1159155382
1159155384
1159155460
1159155728
1159155729
1159155733
1159156114
1159156115
1159156868
1159157306
1159157712
1159160252
1159160253
1159160255
1159160259
1159168931
1159168936
1159168940
1159169335
1159169336
1159169838
1159170055
1159170633
1159170636
1159171635
1159171641
1159171719
1159172253
1159172258
1159172500
1159172511
1159172636
1159173118
1159173119
1159173347
1159173348
1159173359
1159173779
1159173784
1159173786
1159174087
1159174088
1159174527
1159174531
1159175201
1159175447
1159175700
1159176227
1159176228
1159176366
1159176368
1159176576
1159176619
1159176621
1159176756
1159176757
1159176882
1159176888
1159176910
1159176989
1159223039
1159223969
1159223970
1159224292
1159224808
1159225483
1159225485
1159225730
1159225743
1159225746
1159225748
1159225754
1159226736
1159226949
1159227282
1159227442
1159227452
1159227572
1159227581
1159227700
1159227704
1159228699
1159228754
1159228848
1159229567
1159229568
1159229570
1159229571
1159229835
1159229836
1159229837
1159230079
1159230080
1159230108
1159230552
1159230555
1159230558
1159231408
1159231411
1159231413
1159231421
1159231823
1159231828
1159232134
1159232653
1159234110
1159234118
1159234180
1159234181
1159445004
1159445859
1159445864
1159445866
1159445869
1159447628
1159447643
1159447644
1159447649
1159447656
1159450026
1159450070
1159451475
1159452242
1159452250
1159453941
1159453969
1159453978
1159454544
1159455179
1159461706
1159461708
1159462565
1159462933
1159462937
1159462960
1159463802
1159463804
1159464872
1159465753
1159465756
1159471906
1159471908
1159471913
1159473262
1159474712
1159474715
1159475412
1159475863
1159477623
1159477627
1159477630
1159477636
1159478530
1159478537
1159480328
1159480331
1159480334
1159481253
1159482260
1159483868
1159483883
1159483888
1159486350
1159486355
1159486373
1159488285
1159488308
1159488324
1159490040
1159490053
1159491545
1159491568
1159496594
1159496600
1159496605
1159496654
1159497333
1159497947
1159502905
1159502913
1159502916
1159502924
1159504053
1159504057
1159504060
1159511641
1159512572
1159513112
1159516131
1159516133
1159516147
1159516248
1159516301
1159516304
1159516309
1159517082
1159517085
1159518606
1159519336
1159519356
1159939760
1159939782
1159939796
1159941176
1159941201
1159941208
1159941230
1159941938
1159941942
1159942424
1159945476
1159945480
1159945481
1159945485
1159945489
1159946060
1159947942
1159949281
1159950973
1159950981
1192818260
1192818265
1192818270
1290303454
1290303466
1295783630
1295783633
1295783638
1295783673
1296102309
1301932970
1301932972
1301932975
1301932980
1301932981
1301932985
1301932988
1301932996
1301932999
1301933003
1301933005
1301933006
1301933007
1301933011
1301933015
1301933017
1301933024
1301933028
1301933030
1301933031
1301933033
1301933039
1301933040
1301933042
1301933046
1302807371
1302807385
1302807401
1302807417
1302807423
1305816672
1305816676
1305816679
1305816680
1305816684
1305816694
1305816697
1305816705
1305816710
1305816712
1305816715
1305816720
1305816731
1305816733
1305816735
1305816742
1305816745
1305816752
1305816759
1311904382
1311904387
1311904399
1311904408
1311904409
1311904426
1311904431
1311904439
1311904456
1311904458
1311904462
1311904476
1311904478
1312615933
1312615937
1312615942
1312615944
1312615950
1312615956
1312615976
1312615993
1312615996
1312616016
1313065623
1313065650
1313065812
1313065875
1313065877
1313065965
1313066001
1313066109
1313066152
1313066159
1313998737
1313998740
1313998748
1313998761
1313998763
1313998770
1313998789
1313998800
1314184368
1314184370
1314184376
1339701401
1339701403
1339701405
1339701406
1339701407
1339701411
1339701413
1339701414
1339701416
1339701417
1339701419
1339762122
1339762132
1388412848
1388412850
1388412851
1388412852
1388412853
1388442962
1388442963
1388445910
1401843109
1425996106
1445463636
1445463639
1445463641
1445475725
1445475726
1445475727
1445484321
1445484323
1445484327
1445484328
1445511809
1445511810
1445515777
1445515778
1445515786
1445515788
1445516613
1445516614
1445517492
1445519247
1445519248
1445519250
1445519636
1445522773
1445522775
1445522777
1445523376
1445523920
1445526137
1445528674
1445535378
1445535379
1453882141
1453882457
1453885538
1453885541
1453885542
1453955656
1453955676
1453955693
1453955704
1453955712
1453957335
1453957339
1453957340
1454005313
1454006805
1454044412
1454044415
1454044423
1454046262
1454046266
1454048318
1455005333
1455005339
1455094498
1455094508
1455094521
1455094522
1455094525
1455098599
1455099101
1455107494
1455111116
1455111118
1455111165
1455111174
1455131234
1455132183
1457813627
1457814237
1457814243
1457815029
1457815639
1457829894
1457834346
1457834347
1457840979
1457840980
1457840982
1457840983
1457841604
1457841605
1457841606
1457842162
1457843757
1457843770
1457843773
1457843788
1457843797
1457843799
1457852151
1457852152
1457855216
1457858421
1457862034
1457862038
1457862052
1457866132
1457870148
1457870152
1457870721
1457872913
1457872927
1457872933
1458037193
1458037196
1458550334
1458560482
1458561795
1458561796
1458565268
1458570056
1458570057
1458570758
1458570760
1458575267
1458575268
1458575270
1458579724
1458586315
1458586317
1458588156
1458588160
1458590783
1458687639
1458692371
1458692379
1458692381
1458692382
1458692386
1458705451
1458749296
1458751453
1458755501
1458777346
1458786968
1458786995
1458907151
1458909662
1458910132
1458910133
1458911516
1458911918
1458911919
1458947310
1458959874
1458972937
1458972938
1458972939
1458981267
1458981269
1458985269
1458992380
1458992381
1458992383
1458992384
1458995148
1458998773
1458998774
1458998780
1458998783
1458999137
1459000906
1459000907
1459000910
1459003958
1459003959
1459005274
1459011374
1459018259
1459018266
1459023387
1459023389
1459023393
1459023394
1459025620
1459025632
1459025654
1459025656
1459025676
1459047510
1459047523
1459047527
1459050116
1459051731
1459056445
1459056452
1459057462
1459057463
1459057464
1459059550
1459059553
1459062204
1459065008
1459065012
1459065026
1459065027
1459067165
1459067169
1459908199
1459910105
1459913330
1459915728
1459916404
1459924111
1459924112
1459928823
1459929146
1459929556
1460291849
1460291850
1460291855
1460291856
1460296424
1460300834
1460304817
1460305516
1460306173
1460309118
1460310679
1460311247
1460346639
1469155000
1469155005
1469155007
1469155626
1469155801
1469155802
1469156341
1469157760
1469163940
1469163942
1469163950
1469163951
1469166259
1469168903
1469169455
1469171331
1469172045
1469172057
1469268889
1469274360
1469274361
1469274362
1469277843
1469287675
1469296622
1469297642
1469300812
1469302732
1469303821
1469303826
1492343256
1492367286
1492368558
1492368560
1492368572
1492371540
1492374043
1492384180
1492389307
1492389309
1492389322
1492389323
1492390578
1492390579
1492396659
1492396690
1492396692
1492396694
1492399323
1492399992
1492399999
1492405916
1492405931
1492405933
1492405937
1492408885
1492408886
1492416219
1492416226
1492416227
1492416235
1492574988
1492574990
1492574993
1492575477
1492582883
1492582891
1492586173
1492586175
1492588526
1492596625
1492597858
1492597859
1492598619
1492604717
1492604722
1492605032
1492607688
1492607718
1492609349
1492613140
1492613150
1492613673
1492613701
1492614623
1492614624
1492614626
1492615689
1492615691
1492615693
1492615695
1492615752
1492616811
1492619187
1492619195
1492619520
1492620056
1492620059
1492626408
1492633088
1492633091
1492633096
1492633099
1492639709
1492645720
1492647285
1493014671
1493017589
1493146458
1493146459
1493146462
1493146466
1493185374
1500638622
1500638635
1500638636
1500638639
1500638653
1500638693
1500638700
1500638702
1500638714
1500638717
1500638719
1500780814
1500780816
1500780820
1500780822
1500780826
1504189436
1504189455
1504193292
1504193293
1504193294
1504196628
1504198485
1504202385
1504202388
1504203218
1504206289
1504206780
1504207678
1504208166
1504208589
1504208933
1504210129
1504210130
1504213664
1504213677
1504217950
1504230228
1504230242
1504232582
1504233588
1504245916
1506387806
1506387928
1506395061
1506424272
1506424273
1506426847
1506428007
1506449541
1506449543
1506449545
1506559767
1506559770
1507175643
1507236181
1507236182
1507236191
1507238858
1507257626
1507261226
1507263105
1507266871
1507327959
1507330366
1507338767
1507355163
1507358678
1507363091
1507386725
1507393760
1507407401
1507409295
1756176880
1756176894
1756176923
1756193219
1756193224
1756193230
1815729252
1815729255
1815741549
1815741555
1815741561
1815741563
1815741564
1815741565
1815741566
1815741570
1815741571
1815741573
1819305084
1819305110
1819305123
1819305154
1819305169
1819305189
1819305209
1819305221
1819305258
1819305264
1819305271
1819305278
1819305287
1819305291
1819305296
1819305341
1819305343
1819305351
1819305354
1819305356
1819305361
1819305372
1819305409
1819305421
1819305436
1819305441
1819305456
1819305463
1819305465
1819305474
1819305504
1826474803
1826474832
1826474873
1827955129
1827955130
1845199170
1845199172
1861145344
1861145356
1861145364
1885342916
1885342917
1888009787
1902099047
1908223051
1908223061
1908223090
1908225319
1908225323
1908230271
1908261251
1908261266
1908261270
1908261290
1908261310
1908261318
1908261319
1908261325
1908261329
1908261331
1908261345
1908261346
1908261356
1908261360
1908261363
1908261374
1908261386
1908261395
1908261403
1912247063
1912247118
1912247274
1916386425
1916386436
1916386437
1916386440
1916386443
1916386446
1916386448
1916386454
1916386456
1916386460
1916386467
1916386479
1916386482
1916386486
1916386489
1916386490
1916386495
1916386502
1916386504
1916386505
1916386506
1916386509
1916386511
1916386515
1916386518
1916386526
1916386527
1916386528
1916386533
1916386541
1916386543
1916386551
1916386553
1916386555
1916386558
1916386562
1916386564
1916386566
1916386576
1916386580
1916386581
1916516763
1916516774
1916516776
1916520514
1916520521
1916520523
1916520527
1916520528
1916524693
1916524714
1916524774
1916530862
1918491700
1918491704
1918491705
1918491707
1918491708
1918491721
1918491728
1918491730
1918491736
1918491740
1918491741
1918491745
1918491750
1918491756
1918491758
1918491760
1947138487
1947138494
1947138496
1947168661
1947583813
1947583814
1947583836
1947583849
1947583851
1947583861
1947583862
1947583867
1947584007
1947584056
1956501938
1956501941
1956502807
1956502810
1956538080
1956538342
1956554700
1956554705
1956567318
1956567320
1958204061
1958204086
1958204223
1958204265
1958204318
1958204341
1958204348
1964301825
1964305089
1964309339
1964323678
1964325479
1964326877
1964337171
1964388817
1964394670
1964394673
1964418551
1964418552
1964427885
1964427886
1964471393
1964578647
1964580173
1964580174
1964588537
1964588544
1987226861
1987226865
1987226888
1987226891
1987271096
1987271099
2004720647
2004720648
2004720650
2004720655
2004720661
2004720662
2004720663
2004720664
2039517042
2039522710
2039522711
2039522713
2039528344
2039528346
2039528348
2039529042
2039550405
2039550414
2039550415
2039550418
2039550419
2039550420
2039550423
2039550426
2039561228
2039561229
2039561230
2039561232
2039561233
2039561235
2039561237
2039561238
2039561240
2039561243
2039561244
2039561245
2039561247
2039563300
2039563301
2039563302
2041314661
2041337799
2041337801
2041337968
2041337970
2041337974
2041337982
2041522384
2041527384
2041527387
2041527400
2041527417
2041527424
2041527427
2041527436
2041527471
2041527475
2041530098
2041530108
2041531471
2041531475
2041532105
2041535225
2059419339
2080643555
2080650542
2081197470
2081197471
2081197474
2081197476
2081197481
2081197484
2081197487
2081197489
2081197492
2082811321
2082811327
2082819545
2112260403
2112260407
2118889094
2118898633
2118898646
2118898662
2118909749
2118909751
2118910075
2118910078
2118910086
2118910090
2118977295
2118977298
2118977299
2118977303
2118977304
2118995449
2119004926
2119004935
2119028364
2119028372
2119028384
2119028389
2119028400
2119075567
2119075619
2131996149
2131996317
2131996475
2133183923
2133183929
2133184343
2133184344
2133188683
2133188691
2133188693
2134778543
2134778549
2134778555
2134778557
2134778560
2134778564
2134782152
2134782156
2134782159
2134782167
2135942408
2135944704
2135944707
2135944709
2135944710
2135946726
2135946732
2135946735
2135946742
2135946750
2179214675
2180630915
2180630923
2180630926
2180630928
2180630938
2180630939
2203828990
2211339987
2211348822
2211353126
2213044939
2213049521
2214043177
2214043180
2214043181
2214043188
2214043190
2214043192
2217699757
2217714910
2217714914
2217714918
2217746783
2217746791
2217746793
2217746797
2217746798
2217746800
2217768450
2217790313
2217790316
2259831027
2259835274
2259835288
2275370242
2275372623
2275372631
2276187310
2276187313
2276405725
2276405726
2304440663
2309311911
2309311931
2309311958
2309311970
2309311975
2309315410
2313566057
2315717685
2315717687
2315717688
2315717689
2315717691
2315717696
2315717699
2315717850
2317059611
2317059615
2318416055
2327779711
2327779713
2327779714
2328775695
2328775700
2328775721
2328775724
2328776791
2328776792
2328776795
2328776796
2328776803
2329062682
2329062707
2329063773
2329066042
2329077117
2329088200
2329097172
2329097173
2329097175
2329097179
2329097187
2329101942
2329101945
2329101951
2329115963
2329115975
2329116004
2330197895
2330199255
2330199264
2330199275
2330199280
2330199287
2330199290
2330199409
2330199410
2330199414
2330199415
2330199422
2330199489
2331442713
2333175598
2333184029
2333187912
2333189455
2333193192
2334060843
2344329063
2344329070
2344329072
2344329074
2344329082
2358611074
2360396882
2360396949
2366951323
2366951325
2366951326
2366951327
2366952975
2366952977
2366953316
2366953418
2366958337
2367361536
2367361538
2367361540
2372052925
2380755497
2380755498
2393636591
2398037490
2399471758
2406596183
2406599876
2407611373
2411594433
2439237551
2441160949
2441160953
2441172197
2441172198
2441172204
2441172206
2441172212
2441172213
2441172228
2441172237
2441172238
2441174420
2456925088
2456925096
2456925106
2456925108
2456925113
2471851981
2472030038
2472030042
2472030043
2472030044
2472030045
2472030046
2472030047
2472030048
2472030049
2472036427
2472036429
2472046174
2472054564
2472054565
2472054566
2500249525
2500249526
2500249537
2501745614
2532971957
2532972245
2532979500
2534025680
2534035138
2546074266
2546074269
2554376680
2558636068
2558636073
2558636075
2558636100
2559969417
2559969422
2559969429
2559969433
2559969435
2559969438
2559969441
2559969458
2559969467
2559969480
2559969486
2559969494
2559969500
2559969504
2559969507
2559969510
2560005422
2560005428
2560005433
2560005438
2560005440
2560005454
2560005478
2560005532
2560005533
2560005534
2560005541
2564226600
2564226601
2564226602
2564226620
2564226624
2564226625
2564226626
2564226627
2564226631
2564226632
2564226633
2564226634
2564226637
2564226638
2564226639
2564226640
2564226641
2564226648
2564226649
2564226652
2564226653
2564226656
2564227756
2564229430
2614262684
2614262908
2631867278
2631867279
2631867280
2651625479
2651639965
2651655862
2651655877
2651675847
2651675849
2651675850
2651714368
2653235046
2653235048
2653235050
2653237462
2653237488
2653237491
2653237497
2653237516
2653237699
2653238307
2653238308
2653238768
2653238769
2653238776
2653238783
2653238784
2653238785
2653238786
2653238787
2653238788
2653246191
2653246193
2653246194
2653246198
2653246213
2653246215
2653246216
2653246218
2653246220
2653246222
2653246223
2653246225
2653246227
2653246229
2653246230
2653246234
2653246236
2653246237
2653252923
2653252924
2653252925
2653252926
2653252927
2653252928
2653252929
2653252930
2653252931
2653252932
2653252933
2653252934
2653252935
2653252936
2653252938
2653252939
2653252940
2653252944
2653253034
2653258814
2653258815
2653258817
2653258819
2653258820
2653258823
2653258825
2653258830
2653258832
2653258835
2653258848
2653258851
2653287868
2653288462
2653309520
2653309521
2653309522
2653330906
2653346012
2653346014
2653525262
2653525265
2653525267
2653529493
2653570473
2653571754
2653571755
2653571759
2653582001
2653582003
2653582004
2653582005
2662847697
2662847699
2662847700
2662847701
2663202038
2676903519
2676903521
2676903522
2676903527
2677597544
2677723113
2683647336
2683647342
2683647395
2683647406
2683647560
2688091885
2688091886
2688091887
2688091901
2690137346
2690137358
2690137361
2691023099
2691023100
2696407816
2696407821
2708961596
2709032705
2709032707
2709032708
2709032709
2709067531
2709174916
2709174917
2709174918
2709174919
2709174920
2710589458
2710589460
2712189997
2712272987
2712272989
2712272990
2712314631
2712314632
2712314637
2712338390
2712421553
2712421554
2712421555
2712421556
2712426863
2712973059
2712973067
2717452481
2717786564
2717786570
2717964376
2717970033
2717970034
2717970035
2717970036
2718635891
2718635895
2718635896
2718635897
2718635898
2718635904
2718635905
2721160891
2721160901
2721160912
2721160929
2721160932
2721160946
2721160949
2721160958
2721160967
2721160979
2721160982
2721160984
2721160989
2721160992
2721160995
2721160998
2722829526
2722829538
2722829540
2722829541
2722829582
2722829585
2722829587
2726869945
2726912083
2726912093
2727022874
2727022877
2727024781
2727024784
2728372887
2728372891
2729373177
2729395902
2729395909
2729395912
2731951966
2733352544
2733352548
2753052234
2753052235
2753052236
2753052237
2753052239
276556799
276556859
276556860
276558480
276558491
276558558
2769093042
2769093044
2769093045
2769093051
2769093052
2769093054
2769093057
2769093059
2769093062
2769093063
2769093064
2769093065
2769093066
2769093067
2769093068
2769093069
2769093070
2769093071
2769093111
2769093112
2769093113
2769093114
2769093115
2769093116
2769093117
2769093118
2769093119
2769093124
2769093125
2769093127
2769093128
2769093130
2769093135
2769093136
2769093140
2769093141
2769093142
2769093144
2769093145
2769093150
2769093155
2769093159
2769093160
2784763755
2784763756
2785841182
2785841183
2785841184
2785843772
2815016287
2815016288
2815016289
2815016290
2815016296
2815016298
2815016299
2815016300
2815016415
2815016421
2817593667
2817593669
2817593673
2817593679
2817593680
2817593682
2817593689
2817606646
2817606649
2817606654
2817606655
2817606656
2817606659
2817606662
2817606664
2817606665
2817606670
2817606671
2817606680
2817606693
2817606699
2817606700
2817615501
2817615504
2823785843
2823785847
2823785848
2823785849
2823785850
2823785851
2823785856
2823785859
2823785861
2823798122
2823813240
2838556820
2843286545
2843286546
2843286547
2843286549
2843286551
2843286556
2843286568
2843286575
2843286579
2843286580
2843286584
2843286585
2843289904
2843289913
2843289926
2843289930
2843289931
2843289939
2843289947
2843289948
2843294150
2843294151
2843294153
2843294274
2843294275
2847176002
2847752854
2847752856
2847752857
2847764706
2847764707
2852214950
2852215010
2852215012
2852215052
2852215057
2852225599
2852228203
2852759807
2852759808
2852760690
2852764217
2852764218
2852766089
2852766091
2868588323
2868588324
2868588325
2883190560
2883190562
2883190565
2883190570
2883190573
2883190576
2883190585
2883190589
2883190590
2883190595
2883190598
2883191101
2883191111
2883191115
2883191116
2883191122
2883191125
2883191127
288416379
288416380
288416384
288416386
288416399
2907351833
2907351834
2907352539
2907361696
2907361697
2907361699
2907362943
2908404375
2908410482
2908412242
2908412246
2908413737
2908413738
2908413739
2908601185
2908601186
2910352375
2912287848
2912287853
2912287859
2912287864
2912287873
2912287877
2912287881
2912291130
2912291131
2912291132
2912291137
2912291140
2912291143
2912291148
2912291153
2912291159
2915947556
2915973103
2915973105
2915973106
2915973107
2915973117
2917008731
2917008732
2917008733
2917213940
2917213941
2917213942
2956775228
2956775229
2956775232
2956775833
2956775834
2956775866
2956775867
2956775868
2956775869
2956775870
2956775871
2956775872
2956775873
2956775874
2956775875
2981056896
2981056906
2981056907
2981056908
2981056909
2981056910
2981319480
2981319489
2981319492
2981319494
2981319495
2981319499
2981319501
2997203345
2997203346
2997203347
3028594546
3028594548
3028594550
3028594557
3028594562
3028594572
3028594576
3028594579
3028594580
3028594593
3028594597
3028594599
3028594603
3028594606
3028594608
3028594609
3028594611
3028597620
3028597629
3028599368
3028599371
3028599372
3028599734
3028599750
3028599753
3028599760
3028599772
3028599787
3028599788
3028691982
3028692052
3028692054
3028692283
3028692287
3028692288
3028692292
3028692338
3028692441
3028692464
3028692506
3028924407
3028924409
3028924410
3028924416
3028924418
3028924419
3028924421
3028924422
3028924424
3031031600
3033986251
3033986268
3033986301
3033986305
3033986306
3033986326
3033986328
3034029043
3034029044
3034029045
3034029046
3034029048
3034029049
3034029050
3034029051
3034029053
3034029054
3034029055
3034029056
3034029057
3034029058
3034029059
3034029062
3034029063
3034029065
3034029067
3034029068
3034029069
3034029070
3034029071
3034040769
3034040770
3034040775
3034040776
3034040777
3034040779
3034040782
3034040783
3034040784
3034040785
3034040786
3034312356
3034330074
3034330076
3034330077
3034330079
3034330081
3034330083
3034330084
3034330085
3034330089
3034376760
3034376764
3034376766
3034376767
3034376768
3034376772
3034376774
3034376775
3034376778
3034376780
3034393446
3034393451
3034393455
3034393456
3034393457
3034393458
3034393462
3034393463
3034408997
3034408998
3034408999
3034409010
3034409011
3034409012
3034409014
3034409016
3034409137
3034409147
3034424059
3034424060
3034424071
3034424072
3034424073
3034424074
3034424075
3034424076
3034455280
3034455281
3034455284
3048498490
3048498492
3071355055
3071355056
3071355057
3071355063
3071355064
3076243884
3076243900
3076243902
3076737452
3076814601
3081160862
3087817447
3087817451
3087817452
3087817454
3087817456
3087817457
3087817458
3087817459
3087817461
3087817462
3087817463
3087817464
3087817466
3087817468
3087817470
3087817471
3087817472
3087817473
3087817474
3087817476
3087817477
3087817478
3087817482
3087817485
3087817486
3087817487
3087817489
3087817491
3087817492
3087817493
3087817494
3087817495
3087817504
3087817510
3087817511
3087817512
3087817519
3087817521
3087817522
3089029133
3089029134
3089029139
3089029141
3089075663
3089075664
3113656968
3113656970
314614019
314614086
314614336
314614358
314614375
314622896
314622903
314622918
314622919
314622924
314622931
314622954
314622956
314622958
314622961
314622964
314622970
314622978
314623056
314623088
314623097
314623099
314623102
314623104
314623106
314623112
314623117
314623138
314623148
314623160
314635435
314635437
314635450
314635456
314635462
314635465
314635476
314635488
314635491
314635503
314635512
314654830
314655016
314655017
314655039
314655092
314655170
314655429
3158040415
3158040418
3158040423
3176000067
3176000068
3176000070
3176000073
3176012311
3176012317
3176043361
3176043363
3176043380
3176046662
3176046663
3176046665
3176046667
3176046668
3176046669
3176048325
3176048326
3176048329
3176048332
3176048338
3176048339
3176048342
3176048343
3176048345
3176235389
3176235408
3176235417
3176235423
3176235444
318083025
318083027
318090562
318090571
318090585
318090605
318090606
318090636
3196147285
3196147286
3196147287
3199773034
3199773035
3199773041
3199773055
3199773194
3199773231
3199773236
3199773257
3199773264
3199773285
3199773305
3199773306
3199773307
3199773371
3199773372
3199773373
3199773374
3199773416
3199773422
3199773426
3199773427
3199773428
3199773430
3199773432
3199773433
3199773449
3199773459
3199773463
3199773478
3199773516
3199773517
3199773556
3199773560
3199773573
3199773577
3199773593
3199773600
3199773626
3199773640
3199773644
3199773645
3199773650
3199773656
3199773658
3199773677
3199773688
3199773695
3199773701
3199773714
3199773722
3199773739
3199773741
3199773742
3199773818
3199773839
3199773863
3199773906
3199773983
3200831534
3200842602
3203414178
3203414179
3203414180
3203414181
3203414186
3209243788
3218897744
3250470326
3266784226
3266784227
3266784228
3315385189
3315385213
3315385215
3315385224
3315385225
3315385236
3315385238
3315385239
3315385240
3315385252
3315385259
3315385668
3315385684
3315385710
3315385715
3315385716
3315385720
3315385721
3315385734
3315385735
3315385740
3316576100
3333358462
337539008
337539075
337539093
337539164
337539180
337539216
337539262
338246744
3390819397
3390819399
3405331133
3405331134
3405331135
3405331170
3436486397
3436486399
3436486400
3436486403
3436486404
3436486406
3436486408
3436486411
3436486412
3436486413
3436486414
3436486419
3436486420
3436486421
3436486424
3436489823
3436489824
3440503496
3445748151
3445777694
3445777695
3445794963
3445794964
3445794972
3445794973
3445813112
3445813113
3445813114
3445813119
3445813121
3445813122
3445813123
3445813124
3445813126
3445813127
3445813128
3445813130
3445813549
3445813550
3445813551
3445813552
3445813553
3450087702
3496259319
3496259320
3496551178
3496551179
3496653055
3496653056
3516887963
3516887965
3516890331
3516896165
3516896166
3516896169
3516900110
3516900112
3516900114
3516900115
3516900117
3516900118
3516900120
3516900121
3516900122
3516900123
3523294436
3523294438
3523294441
3523294443
3523298658
3523298659
3523298662
3523298663
3523298664
3523298665
3523298667
3523298668
3523308807
3523308808
3523308812
3523308816
3523308822
3523308826
3523308829
3523308831
3523308832
3523308833
3523314177
3523314183
3523314186
3523314192
3538758999
3538759001
3538759004
3538760530
3538771900
3538771904
3538771905
3538771906
3538771907
3538781530
3538911123
3538911124
3541364355
3541364357
3541371606
3541371610
3541371612
3541371613
3541389060
3541389063
3541389069
3541389071
3541389073
3541393459
3541393460
3541393462
3541393464
3541393465
3541393466
3541393469
3541393470
3541393471
3541393472
3541401894
3541401897
3541401904
3541401908
3541401912
3541401919
3541401921
3541401925
3541401927
3541401933
3541404997
3541420731
3541420733
3541420734
3541420736
3541420737
3541420741
3541420742
3541422907
3541422908
3541422909
3541422912
3541422914
3541426298
3541427561
3541427562
3541427563
3541427564
3541427565
3541427567
3541427570
3541427572
3541427575
3541427579
3541427581
3541427582
3541427585
3541427587
3541427589
3541427591
3541429495
3561962958
3561962961
3561962967
3562004394
3562004398
3562004400
3562004404
3562004416
3562004417
3562004421
3562015375
3562015379
3562015381
3562015382
3562015383
3562028073
3562028075
3562028080
3562028081
3562028084
3562028087
3562028088
3562028089
3562028090
3562033455
3562033456
3562033458
3562033461
3562033463
3562033464
3562033467
3562033468
3562045359
3562045366
3562045368
3562045372
3562045378
3562045386
3562045387
3562047416
3562047420
3562047422
3562047425
3562047434
3562047448
3562086829
3562086841
3562086843
3562086847
3562086848
3562086855
3562099186
3562099187
3562099189
3562099190
3562099191
3562099593
3562099594
3562099596
3562099597
3562099598
3562099599
3562099600
3562099601
3562099602
3562110254
3562110256
3562110257
3562110258
3562110259
3562110262
3562110266
3562110268
3562110269
3562110271
3562110274
3562110275
3562110277
3562110283
3562110284
3562111924
3562117102
3579517898
3579517899
3579517900
3579517902
3579517903
3579522897
3579529393
3580182592
3580184893
3580184894
3582243002
3582243005
3582243008
3582243030
3582243031
3582961906
3582961924
3597820281
3597820283
3599790537
3599790543
3613960004
3613960005
3613960006
3613960014
3613960020
3614062279
3614062391
3614062392
3614070493
3614070497
3614070498
3614070500
3614070501
3614070503
3632988773
3632988778
3632988779
3632988784
3632988785
3632988786
3632988787
3632996309
3633001072
3633001073
3633001078
3633008394
3633008400
3633008402
3633008409
3633008411
3633008414
3633008415
3633008416
3633018388
3633018903
3633021146
3654290769
3654290770
3654914807
3654914808
3655878102
3655878103
3655878106
3655878107
3655878109
3680077523
3680077524
3680078426
3680078428
3680078429
3680078444
3680078445
3680078462
3680078467
3680078468
3680099794
3680099795
3680361285
3680400046
3680400047
3680400056
3680400057
3680400071
3680400098
3680400099
3680412780
3680412785
3680412792
3680455697
3680455698
3680455699
3680455700
3680455701
3680455702
3680455703
3680455704
3680455705
3680455706
3680455707
3680455708
3680455709
3680455710
3680455711
3680455712
3680455713
3680455714
3680455715
3680455716
3680455717
3680455718
3681180642
3681180644
3691268079
3691342430
3693248901
3693248902
3693248903
3693431549
3715895541
3724269696
3742070431
3742070435
3742070439
3742070442
3742070443
3742070444
3742070445
3742070447
3742070454
3742070455
3742070456
3742070457
3742070458
3742070460
3742070461
3761409982
3761409983
3761409984
3780408667
3780408672
3780408673
3814966430
3815508501
3815508502
3821917293
3821917303
3821917306
3821917307
3821917311
3843886481
3925309351
3943038361
3943038365
3943038368
3943038369
3943038370
3979164207
3979164218
3979164227
3979164228
3979164230
3985238058
4003676913
4003676914
4003676915
4003676916
4003676918
4003676919
4003676952
4003676956
4003676957
4003676958
4003676959
4003676961
4054919090
4055223895
4055223897
4063907575
4063907576
4064178180
4079187147
4087170835
4087177084
4087247228
4102465470
4102465473
4102465474
4102485554
4106681902
4106681905
4106681913
4106681918
4106681933
4106681943
4106681946
4106681948
4106681950
4106681953
4106681954
4106681956
4106681959
4106681964
4106681967
4106682215
4106682216
4106682219
4106682220
4106682221
4106682225
4106682230
4106682231
4106682232
4106682233
4106682234
4106682235
4106682236
4106682237
4106682238
4106682239
4106682240
4106682241
4106682242
4106682243
4106682252
4107377003
4107377004
4107377005
4107377006
4107377007
4107377009
4107377010
4107377015
4107377016
4107377017
4107377018
4107377019
4107377021
4107377022
4107377023
4107377024
4107377026
4107377028
4107377032
4107377040
4107377043
4107377046
4107378165
4118527278
4118527280
4118527295
4118527300
4118527303
4118527330
4118527343
4118527347
4118527356
4118527358
4118527438
4118527451
4118527460
4118527510
4118527511
4118527513
4118527530
4118527531
4134421482
4135866515
4136052404
4136052408
4136052412
4136052422
4136052432
4136052455
4136052517
4149530414
4151571132
4154127996
4154147444
4154368798
4217837089
4217837090
4217837101
4217837114
4217837115
4217837125
4217837143
4217837156
4217837169
4217837172
4217837223
4217837238
4217844070
4217844077
4218012552
4218012554
4218012567
4218012692
4218012707
4218373834
4219865854
4219896928
4219896929
4219896930
4219908382
4219934266
4220530489
4220530490
4220546243
4220546253
4220546257
4220546259
4222812800
4222812804
4222812805
4222812807
4222812808
4222812820
4222812826
4222812831
4225497262
4225497264
4225497267
4225497272
4230593005
4230593027
4230593034
4230593038
4230593043
4230593062
4230611257
4230611259
4230611261
4230611267
4230611269
4230611271
4230611275
4230611278
4230611279
4230611280
4230611281
4230839433
4230839437
4268266732
4294722531
4294722532
4294771686
4294771687
4294771688
4294775889
4294788196
4294788197
4294788198
4294788206
4294975859
4294975860
4294975863
4294975864
4294975865
4294975866
4295754005
4295766196
4295766198
4295768604
4296641706
4296641707
4298656980
4298656985
432429372
432429373
432429376
432429383
432429386
432429395
432429409
432429412
432429413
432429414
432429416
432429420
432429421
432429422
432429423
432429425
432429426
432429427
432429428
432432462
432432515
432432519
432432523
432432524
432432527
432432531
432432532
432432533
432432534
432432535
432432536
432432540
432432542
432432543
432432545
432432546
432432548
432432550
432432555
432432557
432432558
432432565
432432572
432432573
432432574
432432585
432432589
432432591
432432592
432432593
432432595
432432596
432432598
432432602
432432603
432432604
432432611
432432620
432432621
432432622
432432625
432432632
432441915
432441916
432441918
432441922
432441924
432441925
432441926
432441927
432441929
432441930
432441931
432442506
432442508
432442517
432442519
432442523
432442524
432442532
432442534
432442535
432442539
432442540
432442542
432442544
432442545
432442547
432442548
432442552
432442558
432442560
432442562
432442571
432442576
432442580
432442582
432442584
432442593
432442595
432442597
432442600
432442612
432442620
432442623
432442628
432442631
432442635
432442636
432442645
432442847
432442849
432442854
432442858
432442859
432442860
432442861
432442862
432442863
432442864
432442877
432442878
432442895
432442896
432442897
432442899
432442900
432442902
432442903
432442905
432442906
432442912
432442913
432442916
432442926
432442932
432442933
432442934
432442938
432442939
432442940
432442941
432442942
432442943
432442944
432442945
432442946
432442950
432442951
432442952
432442953
432442954
432442955
432442957
432442958
432442959
432442960
432442961
432442965
432442971
432442974
432442975
432442979
432442981
432452874
432452875
432452881
432452883
432452884
432452886
432452887
432452888
432452889
432452891
432452894
432452895
432452896
432452898
432452903
432452904
432452905
432452908
432452909
432452910
432452986
432452987
432452989
432452995
432452998
432453008
432453013
432453024
4359390669
4359390672
4359390673
4359390676
4359390688
4359390804
4359390820
436486346
436603352
4375083416
438077521
4393165156
4393165157
4393165158
4393165159
4393204193
4393204195
4393216985
4393217190
4393223481
4393239486
4393639003
4394309254
4394309256
439751669
439751709
439751729
439751949
439751965
4400595034
441133065
441133066
441133075
441133076
441133084
441133104
441133105
441133107
441133108
441133109
441133110
441133123
441133134
441133144
441133146
441133149
441144922
441144926
441144944
441144949
441144950
441144955
441144958
441144959
441144964
441144965
441144968
441144977
441144978
441144982
441144991
441144992
441144993
441144994
441144997
441145001
441145002
441145015
441145016
441145017
441145018
441145019
441145023
441145026
441145028
441145031
441145053
441145087
441145096
441145102
441145111
441145118
441145128
441145131
441145140
441145171
441145191
441145203
441145205
441145215
441145222
441145226
441145229
441145230
441145238
441145242
441145252
441145254
441145255
441145256
441145258
441145260
441145262
441145270
441145271
441145272
441145275
441145281
441159338
441159478
441159525
441159532
441159806
441187183
441187223
441187228
441187240
441187385
441187401
441187404
441187409
441187441
441187448
441187481
441187491
441187597
441187655
441187666
441221408
441221413
441221450
441221454
441221463
441221465
441221468
441221495
441259690
441265746
4414317756
4414330240
4414330243
4414330244
4414330371
4414330377
4414330385
4414330400
4414330410
4414330450
4414330454
4419707782
4423855225
4423855226
4423855230
4423855236
4423855237
4423869491
4423869509
4423870406
4423870409
4423870421
4423909093
4423909106
4423909108
4423914795
4423914796
4423914797
4423914798
4436539672
4437749355
4437749359
4437749360
4437749363
4437749369
4437803089
4437803090
4437803091
4437803092
4437803093
4437803094
4437803095
4437803096
4437803097
4437803102
4437836496
4437836498
4437836501
4437860436
4437860442
4437860443
4437994399
4437994406
4438025582
4438083261
4438083262
4440083756
4440083757
4447946461
4447946469
4447946474
4447946475
4447946477
4449099823
4449099824
4449099825
4449099834
4449099837
4449099839
4449099845
4449099855
4449099857
4449099864
4449117681
4449117682
4449117687
4474928492
4505485114
4505485116
4505485117
4505485118
4505485121
4505485122
4505485123
4505485124
4505485126
4505485128
4505485129
4505485130
4505485131
4505485132
4505485133
4505485134
4505488419
4521001283
4521001284
4521025388
4524506188
4534007618
4534007626
4534007627
4534007631
4534007640
4534007651
4534007660
4534007668
4534007670
4534007674
4534007688
4534007689
4534007705
4534007707
4534007708
4534007713
4534007725
4546939439
4546939443
4546939455
4546939563
4546939921
4546940160
4546940306
4546940531
4546940795
4546940798
4548141015
4548141018
4548141021
4548141024
4548141026
4548141029
4548141048
4548141050
4548141051
4548141054
4548141057
4548141062
4548141067
4548141073
4548141079
4548141081
4548141082
4548141087
4548141088
4548142591
4548142597
4548142598
4548142605
4548142607
4548209325
4548209327
4548209332
4548209334
4548209336
4548209353
4548209362
4548209365
4548209370
4548209371
4548209372
4548209373
4548209380
4548211192
4548211199
4548211201
4548211208
4548211210
4548211216
4548211218
4548211222
4548211231
4548211233
4548211238
4548211241
4548211243
4548211251
4548211253
4548211254
4548211255
4548211257
4548211258
4548211259
4548211260
4548211261
4548211268
4548211269
4548211274
4548211275
4548211276
4548211283
4548211290
4548211304
4548211308
4548211309
4548211312
4548211319
4548211323
4548211324
4548211326
4548211332
4548211339
4548211344
4548211346
4548211351
4548211353
4548211357
4548211359
4548211362
4548211364
4548211367
4548211369
4548211370
4548211379
4548211381
4548211384
4548211387
4548211395
4548211398
4548211405
4548211406
4548211407
4548211408
4548211410
4548211415
4548211421
4548211423
4548211425
4548211437
4548211441
4548211443
4548211447
4548211453
4548211454
4548211456
4548211466
4548211467
4548211472
4548211473
4548211481
4548211484
4548211485
4548211487
4548211488
4548211590
4548211597
4548211600
4548211606
4548211609
4548211612
4548211614
4548211618
4548211623
4548211626
4548211627
4548211631
4548211633
4548211638
4548211639
4548211641
4548211642
4548211646
4548211651
4548211655
4548211657
4548211661
4548211662
4548211663
4548211665
4548211671
4548211676
4548211678
4548258434
4548258441
4548258444
4548258448
4548258451
4548258452
4548258454
4548258462
4548258476
4548259297
4548259299
4548259303
4548259305
4548259328
4548259330
4548259333
4548259334
4548259344
4548259349
4548259350
4548259351
4548259352
4548259357
4548259362
4548259363
4548259373
4548259375
4548259376
4548259378
4548259382
4548259383
4548259386
4548259387
4548259490
4548259501
4548259506
4548259508
4548259509
4548259514
4548259521
4548259523
4548259524
4548259532
4548259534
4548259535
4548259536
4548259537
4548259538
4548259546
4548259556
4548259559
4548259560
4548259562
4548259567
4548259568
4548259586
4548259587
4548259588
4548259595
4548259597
4548259598
4548259606
4548259609
4548259610
4548259611
4548259612
4548259613
4548259614
4548259621
4548259622
4548259625
4548259626
4548259631
4548259632
4548259633
4548259639
4548259651
4548259655
4548259659
4548259667
4548259670
4548259673
4548259677
4548259680
4548259684
4548259685
4548317428
4548317440
4548317899
4548317900
4548317901
4548317994
4548318011
4548318012
4548318036
4548318053
4548318064
4548318070
4548318082
4548318161
4548318164
4548318165
4548318325
4548318391
4548318423
4548318430
4548318480
4548318489
4549759291
4549759292
4549759293
4549759294
4549759295
4549759296
4549759306
4549759318
4549759331
4549759333
4549759364
4549759367
4549759371
4549992995
4549992999
4549993001
4549993011
4549993024
4549993045
4549993055
4549993088
4549993100
4549993101
4549993108
4549993119
4549993123
4549993124
4549993126
4549993157
4549993159
4549993166
4549993177
4549993184
4549993196
4549993198
4549993213
4549993227
4549993299
4549993309
4549993333
4549993355
4549993373
4549993385
4549993409
4549993411
4549993421
4549993443
4549993455
4550018600
4550018602
4550018603
4550018614
4550018616
4550018626
4550018628
4550018629
4550018635
4550018636
4550018643
4550018647
4550018655
4550018678
4550018697
4550018702
4550018716
4550018717
4550018720
4550018723
4550018724
4550018725
4550018770
4550018771
4550018780
4550018781
4550018782
4550018791
4550018795
4550018796
4550018803
4550018805
4550018815
4550018823
4550018836
4550018840
4550018852
4550018865
4550018867
4550018876
4550018881
4550018898
4550018900
4550018906
4550018912
4550018914
4550018921
4550018922
4550018923
4550018924
4550018925
4550018927
4550018931
4550018932
4550018944
4550018952
4550018961
4550018971
4550018974
4550018980
4550018984
4550018992
4550018995
4550019000
4550019007
4550019014
4550019021
4550019031
4550019032
4550019040
4550019045
4550019058
4550019068
4550019070
4550019071
4550019072
4550019080
4550019081
4550019087
4550019088
4550019089
4550019097
4550019099
4550568567
4550568575
4550568578
4550568579
4550569689
4550674931
4550674940
4550700983
4550700987
4550700992
4550701195
4550701408
4550701409
4550701413
4550701477
4550701481
4550701483
4550701485
4550701503
4550701507
4550701508
4550701513
4550764002
4550764024
4550764047
4550764052
4550764057
4550764070
4550768786
4550769092
4550769105
4550769107
4550769121
4550769124
4550769148
4550769155
4550769299
4550769300
4550769309
4550769314
4550769332
4550769335
4550769368
4550769377
4550769398
4550769435
4550769439
4550769468
4550769600
4550769604
4550769605
4550769607
4550769610
4550769617
4550769621
4550769646
4550769651
4550769654
4550769658
4550769670
4550769672
4550769683
4550769795
4550769845
4550769855
4550769857
4550769874
4550769914
4550769978
4550770089
4550770090
4550770092
4550770118
4572363403
4572363406
4572365814
4572407388
4572409811
4572409866
4572409877
4572409887
4572410029
4572410064
4572410239
4572410255
4572410288
4580751396
4582782984
4582821467
4582821479
4582821483
4582821486
4582821488
4585356267
4585356277
4585356283
4585356490
4585356508
4585443315
4585443316
4585443318
4585469582
4585517087
4585553612
4585624085
4586532060
4586532061
4586722653
4601245885
4601245886
4601245887
4601245888
4601245990
4601245991
4601245992
4601245995
4601245996
4601246000
4601261196
4634806767
4634806780
4637576793
4637732157
4637732173
4638050353
4638050357
4638050363
4638050367
4638105420
4638105423
4638105424
4638105425
4638105426
4638105428
4638105431
465203714
465203734
465203743
465203746
465203748
465203764
465203788
465203789
4677078988
4679096596
4693609803
4693609804
4693609806
4693609807
4693609808
4693609809
4693609810
4693609812
4693609813
4693609818
4693609819
4693609827
4693609828
4693609829
4693609855
4693609859
4693609876
4693609881
4693609918
4693609931
4693609957
4693609959
4693609978
4693609979
4693609980
4693609981
4693609982
4693609988
4693609996
4693610000
4693610004
4693610005
4693610006
4693610012
4693610021
4693610025
4693610029
4693610033
4693610042
4693610062
4693610067
4693610086
4693610094
4693610098
4693610102
4693610103
4693610109
4693610113
4693610126
4693610128
4693610140
4693610142
4693610147
4693610149
4693610151
4693610153
4693610154
4693610155
4693610156
4693610157
4693610159
4693610162
4693610165
4693610168
4693610170
4693610174
4693646350
4693646356
4693646369
4693646377
4693646379
4693646383
4693647093
4693647097
4693647105
4693647107
4693647109
4693647117
4693647120
4693651547
4693674679
4695601590
4695601645
4695640521
4695640654
4695640656
4695640658
4695700246
4695700247
4695700249
4695700254
4695700257
4699007279
4699007282
4699007397
4699007411
4699007416
4700724418
4701400695
4701400716
4701400719
4701400720
4701400722
4701400723
4701400725
4701464324
4701464326
4701464348
4701464359
4701464360
4701464366
4701464372
4701464378
4701464385
4701464723
4701464729
4701464734
4701464736
4701464737
4701464738
4701464739
4701464741
4701464750
4701464752
4701464754
4701577693
4701577694
4701577695
4701577701
4701577704
4701577705
4701577708
4701577709
4701577710
4701577712
4701577719
4701577732
4701577736
4701577738
4701577743
4701577745
4701577748
4701577750
4701577753
4701577759
4701577761
4701577764
4701577767
4701577775
4701577777
4701577780
4711969422
4719831092
4719968438
4719968439
4719968440
4724343814
4724343815
4726958555
4726958556
4726958557
4726958558
4727109912
4727109916
4727109920
4727447653
4740867221
4740867224
4748166157
4748166158
4748173614
4748173617
4748173618
4748173619
4748183722
4748183730
4748183731
4748183735
4750955761
4750955762
4750955766
4750955767
4772214764
4772214765
4772214768
4772214781
4772214782
4772214788
4772215053
4772216921
4772216922
4772216926
4772216927
4772430835
4772430844
4772430846
4772430853
4772430855
4772430856
4772430857
4772430858
4772430859
4772430865
4772430866
4772440337
4772448418
4772448420
4772451022
4772451023
4772451024
4772451026
4772463247
4772463248
4772463256
4772463257
4772463262
4772463264
4772463265
4772463268
4772463269
4772463270
4772463273
4772463276
4772463277
4772463281
4772463283
4772463286
4772463288
4772463290
4772463292
4772463295
4772463296
4772463297
4772463298
4772463299
4772463300
4772463301
4772463304
4772463305
4772463318
4772463319
4772472222
4772476118
4773199345
4773199346
4773199350
4773199355
4773199356
4773199362
4773199366
4773199368
4773199373
4773199375
4773199386
4773199387
4773199393
4773199395
4773199396
4773199402
4773199403
4773199407
4773199416
4773199418
4773199728
4773916492
4773916770
4773916782
4779165699
4779165700
4779165708
4779165710
4779165711
4779165712
4779165722
4779165723
4779165735
4779165736
4779165737
4779165739
4779165742
4779165745
4779165747
4779165748
4779165755
4779165758
4779165760
4779165762
4779165764
4779165766
4779165767
4779165769
4779165771
4779165773
4779165778
4779165781
4779165783
4779165786
4779165787
4779165789
4779165791
4779165794
4779165796
4779165800
4782067637
4782067638
4782067639
4782067643
4782067645
4782067651
4782067655
4782067656
4782067658
4782067659
4782067663
4782067665
4782067666
4782067672
4782096983
4782096991
4782096992
4782096997
4782097001
4782097003
4782097004
4782097006
4782097008
4782097009
4782097012
4782097014
4782097015
4782097016
4782097017
4782097018
4782097622
4794944066
4794944069
4794944071
4794944074
4794944078
4794944084
4794944088
4794944089
4794975945
4794975964
4794975965
4794975966
4794975971
4794975972
4794992619
4794993822
479902229
479902231
479902232
479902236
479902248
479902256
479902260
479902270
4799100434
4799100435
4799100436
4799100437
4799100438
4799100439
4799100440
4799195759
4799195760
4799195773
4799195774
4799195775
4799195782
480012018
480012019
480012029
480012030
480012034
480012049
480012064
4815142889
4815142898
4839569689
4839569693
4839569701
4839569707
4854846971
4874328001
4874328003
4874328134
4877227044
4877246214
4877924382
4877924396
4877924397
4878041003
4878041005
4878041016
4878042023
4878042025
4880298880
4880298882
4880298883
4896843834
4896843835
4902294945
4903105794
4903105797
4903105799
4903105800
4903105801
4903105802
4903105804
4903105808
4903105809
4903105811
4903112572
4903112577
4903112578
4903112580
4903112581
4903112584
4906971006
4906971007
4934383562
4934383567
4934383590
4934383591
4934383638
4934383642
4934383645
4934383649
4934383654
4934383661
4934383662
4934383665
4934383670
4934383671
4934383678
4934383687
4934383689
4934383692
4934383695
4934383696
4934383701
4934383702
4934383711
4934383879
4934383880
4934383882
4934383884
4934383885
4934383886
4934383887
4934383888
4934383889
4934383890
4934384345
4934443938
4934443939
4934443940
4934443943
4934443950
4934443953
4934443955
4934443961
4934443962
4934443963
4934443964
4934443989
4934443995
4934443998
4934444001
4934444006
4934444041
4934444042
4934444048
4934444050
4934444054
4934444055
4934444056
4934444057
4934444058
4934444060
4934444062
4934444063
4934444064
4934444065
4961076795
4961076796
4961076797
4961076802
4961076805
4961076806
4961076811
4961077522
4961077523
4961077524
4961077525
4961077526
4961077527
4961077528
4961077536
4961077539
4961077551
4961077565
4961077577
4961077579
4961077580
4961077582
4961077584
4961077595
4961077596
4961077597
4961077600
4961077603
4961077604
4961077609
4961077610
4961077613
4961077615
4961077617
4961077618
4961077621
4961077623
4961077624
4961077625
4961077626
4961077627
4961077634
4961077635
4961077636
4961077640
4961077643
4961077647
4961077651
4961077653
4961077657
4961077659
4961077660
4961077685
4961077689
4961077711
4961077720
4961077728
4961603078
4961603079
4961603082
4961603083
4961603086
4961603087
4961603102
4961603103
4961603109
4961603115
4961603144
4961603146
4961603147
4961603158
4961603167
4961603168
4961603170
4961603210
4961603213
4963049756
4963049778
4963049791
4963049816
4963049819
4963049820
4963050166
4963050174
4964134694
4964134701
4964134710
4964134711
4964134712
4964134713
4964134714
4964134715
4964134716
4964134717
4964134718
4964134719
4964134720
4964137427
4964137428
4964137434
4964170799
4964170818
4964171128
4964171137
4964171140
4964171144
4964171146
4964171150
4964171151
4964171152
4964171158
4964171166
4964171168
4964171175
4964171178
4964171184
4964171194
4964171204
4964171205
4964171206
4964171207
4964171208
4964171209
4964171210
4964171211
4964171212
4964171213
4964171214
4964171220
4964171334
4964171343
4967265403
4967265404
4967265405
4967265407
4967265408
4967265410
4967265415
4967265420
4967265721
4967265723
4967265727
4967265743
4967265745
4967265752
4967265753
4967265754
4967265757
4967265758
4967265766
4967265770
4967265774
4967265775
4967265776
4967265777
4971612100
4971612101
4971612111
4971612125
4971612128
4971612129
4971612151
4971612153
4971612154
4971612180
4971612184
4971612196
4971612218
4971612226
4971612227
4971612228
4971612244
4971612254
4971612263
4971612270
4971612278
4971612279
4971612283
4971612288
4971612289
4971612291
4971612297
4971612298
4971612304
4971612305
4971612307
4971612309
4971910121
4971910122
4971910127
4971910131
4971910132
4971910133
4971910134
4971910135
4971910136
4971910137
4971910138
4971910139
4971910141
4971910164
4971910177
4971910178
4971910181
4971910191
4971910195
4971910212
4971910329
4971910330
4971910335
4971910336
4971910338
4971910339
4971910343
4971910346
4971910355
4971910356
4971910360
4971910362
4971919863
4971919865
4971919883
4971919889
4972894335
4972894338
4972894339
4972899551
4972899558
4972899562
4972899566
4972899575
4972899578
4972899580
4972899582
4972899586
4972899594
4973209502
4973209503
4978440956
4978440957
4978440960
4978441006
4978441007
4978441008
4978441009
4978441012
4978441016
4978441017
4978441018
4978441019
4978441020
4978441421
4978441422
4978441423
4981594485
4981594488
4981594492
4981594499
4981594500
4981594513
4981594514
4981598321
4981598329
4981598330
4981598350
4981598360
4981598378
4981598380
4981598386
4981598406
4981598412
4981598530
4981598533
4981598540
4981598541
4986763106
4986763113
4986763114
4986763117
4986764524
4986764528
4986764529
4986764531
4986764535
4986764536
4986764538
4986764539
4986764540
4986764547
4986764554
4986764558
4986764561
4986764563
4986764565
4986764566
4986764568
4986764569
4986764575
4986764578
4986764579
4986764580
4986764581
4986764582
4986764585
4986764586
4986764587
4986764589
4986764590
4986764591
4986764592
4986764593
4986764598
4986764603
4986764604
4986764609
4986764615
4986764616
4986764617
4986764618
4986764619
4986764620
4986764621
4987534932
4987534933
4987534935
4987534952
4987534953
4987534962
4987534963
4987534964
4987534974
4987534979
4987534985
4987534990
4987534991
4987535019
4987535024
4987535027
4987535028
4987535030
4987535034
4987535035
4987535038
4987535039
4987535051
4987535052
4987535057
4987535058
4987535059
4987536531
4987536534
4987536536
4987536537
4987536539
4987536540
4987536549
4987536551
4987536556
4987536557
4987536558
4987536566
4987536572
4989152039
4989782355
4989782356
4989782374
4992013246
4992013258
4992013260
4992013276
4992013284
4998878844
5002301679
5002301680
5002301690
5002301692
5002301693
5002301699
5002301700
5002301701
5002301702
5002301703
5002301704
5002301705
5002301707
5013455446
503851378
503851379
503851392
503851398
503851408
503851409
503851411
503851414
503851415
503851416
503861670
503861693
503861697
503861701
503861702
504315289
504315292
504315294
504315305
504315308
504315313
504315315
504315317
504315331
504315332
504315336
504315393
504315403
504315473
5053143821
5053143822
5053143823
5053143824
5053143825
5053143826
5053143827
5053143834
5053143855
5053143856
5053143857
5053143858
5053143860
5055908239
5055908246
5055908251
5055908260
5055908263
5055908264
5055908267
5055908268
5055908269
5055908281
5055908282
5055908283
5055908304
5055908305
5055908306
5055908308
5055908309
5055908317
5055908318
5055911222
5055911223
5055911224
5055911225
5055911226
5055911227
5055911228
5055911233
5055911234
5078774201
5078774827
5078774834
5078774837
5078774838
5078774849
5078774852
5078774855
5078774856
5078774857
5078774884
5100157859
5100157860
5100157863
5100157864
5100157871
5100157872
5100157873
5100157874
5100157875
5100157876
5100157881
5102886110
5102886113
5102959117
5130423537
5133238793
5141328772
5141328774
5141328778
5141328780
5141458192
5141458193
5141458214
5141468625
5141468630
5141468645
5141468646
5141468648
5141468649
5141468651
5141468652
5141468653
5141468655
5141468657
5141468658
5141468663
5141468664
5141468665
5141468666
5141468670
5141468671
5141468677
5141468679
5141468681
5141468682
5141468685
5141468688
5141468689
5141468691
5141468694
5141468696
5141468721
5141468724
5141468727
5141468728
5141468730
5141468731
5141468734
5141468737
5141468738
5141468740
5141468741
5141468744
5141468745
5141468747
5141468753
5141468759
5141468760
5141468762
5141468763
5141468766
5141468768
5141468769
5141468773
5141468775
5141468776
5141468778
5141468779
5141468783
5141468784
5141468785
5141468786
5141468792
5141468795
5141468799
5141468803
5154490147
5154977850
5154977851
5185958900
5186257922
5186261849
5186309505
5186309506
5186321969
5186321977
5186334955
5190988972
5211337094
5211337145
5211337146
5211337149
5211337155
5211337156
5211337158
5211337159
5211337160
5211337161
5211337163
5211337166
5211337168
5211337169
5211337170
5211337171
5211343335
5211343336
5211343337
5211343338
5211343339
5211343343
5211343344
5211343347
5211345684
5211350155
5213237272
5213237273
5213237274
5213237277
5213237279
5213237281
5213237284
5213237287
5213237290
5213237300
5213237301
5213237302
5213237318
5213238327
5213238351
5213238352
5213238359
5213238366
5213238373
5213238374
5213238375
5213238396
5213238398
5213238399
5213238401
5213238411
5213238415
5213238425
5213238426
5213238427
5213238428
5213238430
5213238433
5213238434
5213238436
5213238442
5213238443
5213238444
5213238455
5213238456
5213238458
5213238461
5213238471
5213238494
5213238496
5213238503
5213238504
5213238512
5213238513
5213238515
5213238518
5213238519
5213238523
5213238524
5213238526
5213238528
5213238532
5213238535
5213238543
5213238546
5213238547
5213238548
5213238549
5213238553
5213238557
5213238565
5213238566
5213238579
5213238581
5213238584
5213238589
5213238594
5213238595
5213238596
5213238598
5213238599
5213238604
5213238605
5213238612
5213238616
5213238617
5213238731
5213238732
5213238734
5213252905
5213252909
5213252910
5213252912
5213252916
5213252919
5213253123
5213253136
5213253137
5213253152
5213253157
5213253160
5213253168
5213253169
5213253173
5213253179
5213253180
5213253181
5213253182
5213253184
5213253185
5213253187
5213253192
5213253194
5213253195
5213253197
5213253199
5213253200
5213253208
5213253214
5213253216
5213253218
5213253321
5213837330
5213837338
5213837348
5213837379
5213837410
5213837416
5213840038
5213840039
5213840041
5213840045
5213840048
5214268904
5218035040
5218035041
5218035043
5218035046
5218035047
5218035055
5218035056
5218035057
5218035059
5218035062
5218035070
5218035076
5218035078
5218035079
5218035081
5218035086
5218035087
5218035090
5218035091
5218035093
5218035096
5218035097
5218035099
5218035101
5218035104
5218035105
5218035106
5218035110
5218035115
5218035117
5218035118
5218035623
5218035624
5218035627
5218035629
5218035632
5218035634
5218035639
5218035640
5218035641
5218035644
5218035645
5218035646
5218035649
5218035650
5218035651
5218035653
5218035656
5218035659
5218035661
5218035663
5218035666
5218035667
5218035675
5218035678
5218035680
5218035681
5218035682
5218035683
5218035685
5218035690
5218035696
5218035697
5218035701
5218044415
5218044418
5218044419
5218046224
5218046225
5218046228
5218046230
5218046232
5218046233
5218046234
5218117584
5218132859
5218132871
5218132890
5218133073
5218133093
5218133128
5218133260
5218133297
5218133307
5218133309
5218133318
5218133341
5218133365
5218133488
5218133491
5218133550
5218133576
5218133609
5218239984
5218239987
5218239994
5218239997
5218239998
5218239999
5218240000
5218240001
5218240005
5218240006
5218240007
5218240008
5218240009
5218240010
5218240012
5218240014
5218240015
5218240016
5218240018
5218240020
5218240222
5254240637
5254240641
5254240649
5256947454
5269977903
5283966124
5283966126
5283966127
5283966128
5283966131
5283966133
5283966138
5283966150
5283966155
5283966159
5283966160
5283966162
5283966164
5283966183
5283966185
5283966192
5283966194
5283966197
5283966199
5283966206
5283966209
5283966211
5283966212
5283966217
5283966218
5283966322
5283966324
5283966326
5283966327
5283966328
5283966330
5283966340
5283966372
5283966378
5286151249
529949133
529949134
529952509
529952514
529952557
529952563
529971155
529971159
529971161
5310712301
5310712302
5310712645
5310712648
5310712650
5312157119
5312164129
5312164130
5312164132
5312164137
5312164200
5313170227
5313170234
5313170243
5313170255
5314457254
5314457260
5315745132
5315745136
5315745140
5315745146
5315745162
5318509406
5318509419
5318509623
5321719719
5321720223
5321720227
5321720235
5321720243
5321720251
5323276675
5323276676
5323276677
5323276678
5323276687
5323276688
5323276689
5332662462
5332662463
5332662471
5334674369
5334674384
5334674391
5334674396
5334674401
5334674412
5334674418
5336411854
5336411861
5336411862
5336411863
5336411867
5354813690
5354813692
5356201947
5359113178
5359113181
5359113185
5359113186
5359113188
5359113192
5359113195
5359113200
5359113201
5359113203
5359113204
5359113207
5359113218
5359118713
5359135324
5367297686
5367297693
5367321383
5367321385
5367321387
5367321402
5367321403
5375783426
5375783427
5375783432
5375783435
5375783440
5375783441
5375783442
5375783451
5375783455
5375783456
5375783457
5375783458
5375783758
5375783788
5375783790
5375783792
5375783793
5375783796
5375783797
5375783806
5375783832
5375783835
5375783836
5375783839
5375783840
5375783853
5375783858
5375783911
5375783920
5375783934
5375783935
5375783936
5375783940
5375783961
5375783999
5375784005
5375784006
5375784048
5375784049
5375784055
5375784068
5375784070
5375784147
5375784150
5375784155
5375784230
5375784234
5375784237
5375784246
5375784247
5375784263
5375784265
5382831201
5414620871
5414620878
5414620882
5414620886
5414620891
5414620897
5414620901
5414620910
5414620916
5414621623
5414621637
5414621644
5414621652
5417881301
5418424048
5422574947
5422574959
5422574961
5429152378
5429152393
5435518867
5436607828
5436607829
5436607833
5436607834
5436607837
5436607838
5436607839
5436607841
5436607843
5436607845
5436607846
5436607851
5436607858
5436607859
5436607860
5436607862
5436607863
5436607864
5436627800
5436627803
5436627812
5441505857
5441505870
5441505881
5447431182
5447431183
5447431184
5447466887
5447466888
5447484087
5451165788
5451167237
5459472396
5459472397
5459472398
5459472399
5459472400
5459472401
5459472402
5459472403
5459472404
5459472405
5459472406
5459472407
5459472408
5459472409
5459472414
5459472417
5459472930
5459472931
5459472932
5459472933
5459472934
5460742660
5460742671
5475932244
5475932252
5475932259
5475932262
5475932266
5475932306
5475934029
5475934047
5475934049
5475934051
5475934102
5475934118
5475934120
5475934232
5475934255
5475934261
5475934262
5475934263
5475934281
5475934320
5475934324
5475934327
5475934328
5475994772
5475994774
5475994778
5475994779
5475994781
5475994784
5475994785
5478294498
5478294499
5478294504
5478294507
5478294745
5478294746
5478294752
5478294762
5478294766
5478294771
5478294779
5478294782
5478294783
5478294786
5478294789
5478294802
5478294821
5478294822
5478294823
5478294827
5478294850
5478294855
5478294861
5478294866
5478294875
5482836595
5482836597
5482836598
5482836602
5482836604
5482836606
5482837430
5482837431
5482837452
5482837458
5482837462
5482837497
5482837498
5482837504
5482837545
5482837566
5482837573
5482837580
5482900684
5482900688
5482900692
5482900699
5482900701
5482900702
5482900706
5482900713
5482900718
5482901728
5482901737
5482901750
5482901814
5483832204
5483832213
5483832214
5483832218
5483832323
5483832328
5483832336
5483832337
5483832338
5483898772
5483898779
5483898781
5483960452
5483960453
5483960454
5483961897
5484553075
5484553077
5484553083
5484553085
5484553086
5484553091
5484553099
5484804454
5484804455
5484804457
5484804465
5484804475
5484804503
5484804505
5484804506
5484804507
5484804508
5484804509
5484804511
5484804513
5484811123
5484811136
5484841929
5487676007
5487676015
5487676222
5487676230
5488366617
5488366619
5488370125
5488370127
5488539885
5488539886
5488539887
5488539890
5488539893
5488539898
5488539900
5488539904
5488539908
5488539910
5488540921
5488540932
5488540935
5488540936
5488540937
5488540938
5488540944
5488540946
5488540948
5488540963
5488540979
5488540984
5488540986
5488540987
5488540990
5488541003
5488541006
5488541012
5488541018
5488541125
5488541132
5488541141
5488541149
5488541155
5488541160
5488541164
5488541175
5488618118
5488619239
5488619280
5488650269
5488650285
5488650286
5488650288
5488926402
5488926403
5488926408
5488926409
5488926410
5488926411
5488926412
5488926532
5488926534
5488926535
5488945451
5488945457
5488945458
5488945459
5488945460
5488945466
5488945467
5488945468
5488945472
5488945474
5488945478
5488945479
5488945483
5488945489
5489098126
5489098127
5489098133
5489098134
5489098135
5489098142
5489098143
5489098145
5489098147
5489098148
5489098151
5489098156
5489098165
5489098170
5489098176
5489098181
5489098182
5489098187
5489098196
5489098198
5489098202
5489098207
5489142279
5489142285
5500903990
5500903996
5500903997
5500904000
5500904003
5500904005
5500904007
5500904010
5500904011
5500904084
5500904088
5500904097
5500904098
5500904101
5500904102
5500904103
5500904105
5500904106
5500904107
5500904108
5500904110
5500904119
5500904120
5502355139
5502355140
5502355141
5502355142
5502355143
5502355144
5502355145
5502368087
5502368088
5502368090
5502368091
5502368092
5502368093
5502368094
5502368096
5502368103
5502371101
5503045885
5503045886
5503045897
5503045905
5503045907
5503045908
5503045910
5503045911
5503053263
5503053264
5503053265
5503053285
5503053286
5503053287
5503053288
5503053324
5503053325
5503053326
5503053401
5507291325
5507291348
5507313054
5507313056
5507313057
5507313059
5508368250
5508368273
5508557116
5508557118
5508558728
5508558731
5508558732
5508558733
5508558736
5508558739
5508558747
5508558748
5508558751
5508558754
5508558759
5508558760
5508558762
5508558768
5508558770
5508558771
5508558772
5508558773
5508558798
5508558799
5508558801
5508558803
5508558804
5508558808
5508558809
5508558815
5508558819
5508558921
5508558923
5508558924
5508558925
5508558931
5508558935
5508558939
5508558953
5508558976
5508558979
5508558980
5508558981
5508558982
5508558986
5508558987
5508669253
5508669256
5508669264
5508669265
5508669268
5508669269
5508669272
5508669273
5508669275
5508669277
5508669278
5508669279
5508669281
5508669282
5508669283
5508669302
5508669303
5508669305
5508669306
5508669309
5508669312
5508669313
5508669314
5508669315
5508669319
5508669320
5508671024
5508671025
5508671026
5508671027
5508671028
5508671073
5514125485
5514125490
5514125491
5514125492
5514125499
5514125500
5514125501
5514125502
5514125506
5514125512
5514125513
5514125515
5514125516
5514126827
5514126829
5514126831
5514126832
5514126835
5514165382
5514165383
5514165388
5514165389
5514165390
5514165399
5514165402
5514341244
5514341246
5514341247
5514341248
5514341249
5514341250
5514341257
5514341265
5514483470
5514483476
5514483482
5514483492
5514483493
5514483496
5514483497
5514483502
5514483509
5514483510
5514483511
5514483513
5514483514
5514483515
5514483516
5514483517
5514483518
5514483519
5514483520
5514485021
5514485022
5514485024
5514485026
5514485032
5514485034
5514485037
5514485039
5514485041
5514485042
5514485045
5514485046
5514485047
5514485048
5514485053
5514485054
5529709251
5529709252
5529709253
5529709254
5529709255
5529709256
5529709257
5529709258
5529709259
5529709260
5529709262
5529709264
5529709268
5529709271
5529709274
5529709275
5529709281
5529709282
5529709284
5529709288
5529709289
5529709290
5529709291
5529709292
5529709293
5529709294
5529709308
5529709312
5529709315
5529709317
5529709319
5529709421
5529709425
5529709427
5529709428
5529709433
5529709434
5529709439
5529709440
5529709444
5529709446
5529709450
5529709451
5529709456
5529709458
5529709459
5529709462
5529709463
5529817945
5529817947
5529817950
5529817953
5529817954
5529817955
5529817956
5529817960
5529817962
5529817965
5529817967
5529817968
5529817973
5529817978
5529817983
5529817989
5529817992
5529817993
5529817995
5529817996
5529817997
5529817998
5529817999
5529818000
5529818001
5529818002
5529818004
5529818005
5529818006
5529818008
5529818012
5529818013
5529818014
5529818015
5529818016
5529818017
5529818018
5529818019
5529818122
5529818123
5529818125
5529818126
5529818133
5529818139
5529818141
5529818144
5529818149
5529818150
5529818154
5529818155
5529818156
5529818157
5529818158
5529818159
5529818160
5529818161
5529818163
5529818164
5529818165
5529818167
5529818168
5529818169
5529818170
5529818171
5529818172
5529818176
5529818178
5529818179
5529818181
5529818183
5529818187
5529818188
5529818190
5529818195
5529818196
5529818199
5529818201
5529818202
5529818203
5529818207
5529818208
5529818210
5529818215
5529818218
5529818219
5529818221
5529818224
5529818228
5529818229
5529818231
5529818232
5529818233
5529818235
5529818237
5529818242
5529818245
5529818246
5529818249
5529818250
5529818252
5529818253
5529818255
5529818257
5529818258
5529818267
5529818268
5529818269
5529818270
5529818271
5529818278
5529818288
5529818296
5529818302
5529818304
5529818308
5529818315
5529818319
5529818320
5529818422
5529895009
5529895012
5529895014
5529895015
5529895016
5529897021
5529897026
5529897028
5529897029
5529897032
5529897053
5529897056
5529897060
5529897061
5530209123
5530209125
5530209130
5530209133
5530209135
5530209137
5530209138
5530209139
5530209141
5530209164
5530209171
5530209173
5530209174
5530209175
5530209179
5530209180
5530209203
5530209206
5530209210
5530209212
5530209328
5530209330
5530209331
5530209332
5530209333
5530209334
5530209335
5530209337
5530209340
5530209343
5530209344
5530209347
5530209359
5530209360
5530209366
5530209370
5530209372
5530209388
5530209389
5530209390
5530326056
5530326060
5530326073
5530326075
5530490898
5530490899
5530490900
5530490905
5530490906
5530490908
5530490909
5530490914
5530491837
5530491838
5530491839
5530491841
5530491842
5530491845
5530491848
5530491849
5530491877
5530491899
5530491906
5530491915
5530491916
5530491917
5530491918
5530492024
5530492025
5530492026
5530492031
5530492032
5530492033
5530492035
5530492040
5530492042
5530492043
5530492044
5530492045
5530492046
5530492047
5530492048
5530492050
5530492051
5530492052
5530492053
5530492054
5530492055
5530492058
5530492059
5530492060
5530492067
5530492076
5530492077
5530492079
5530492091
5530492092
5530492093
5530492098
5530492099
5530492100
5530492103
5530492104
5530492105
5530492106
5530492109
5530492110
5530492111
5530492113
5535133200
5535137828
5535137829
5535137840
5535137844
5535137848
5535137850
5535137853
5535137862
5535137863
5535137867
5535137870
5535137872
5535137873
5535137879
5535137894
5535137895
5535137896
5535137897
5535137898
5535137899
5535137904
5535137912
5535137913
5535137914
5535137915
5535137916
5535137917
5535137920
5535138121
5535138122
5535138123
5535138124
5535138131
5535138135
5535138136
5535138144
5535138145
5535138146
5535138160
5535138161
5535138176
5535138179
5535138180
5535138181
5535138182
5535138203
5535138209
5535138210
5535138213
5535138216
5535138522
5535138529
5535138530
5535138531
5535138546
5535138550
5535192476
5535192477
5535192478
5535192479
5535192482
5535192484
5535192486
5535192487
5535192488
5535192490
5535192497
5535192501
5535192502
5535192519
5535192520
5535192922
5535192923
5535192924
5535192925
5535192926
5535192927
5535192928
5535192929
5535192936
5535192941
5535192944
5535192945
5535192950
5535192952
5535192955
5535192956
5535192959
5535192962
5535208823
5535208827
5535208830
5535208833
5535208834
5535243602
5535243607
5535243609
5535248940
5535248943
5535248952
5535248957
5535248961
5535248962
5535294610
5535294611
5535294613
5535294615
5535294616
5535294617
5535294618
5535294620
5535297024
5535297025
5535297027
5535297028
5535297029
5535297030
5535297031
5535297032
5535297033
5535297038
5535297039
5535297040
5535297041
5535318948
5535318949
5535318952
5535318957
5535319012
5535319013
5535319014
5535319015
5535319016
5535341444
5535341447
5535341448
5535341450
5535341457
5535434837
5535434840
5535434841
5535434842
5535434844
5535434845
5535434850
5535434851
5535434853
5535434854
5536093665
5536093671
5544236302
5544236309
5544243403
5544243409
5544385454
5544385462
5544385476
5544385485
5544385495
5544396321
5544396336
5563364637
5563364640
5563364641
5573283787
5573283872
5573320169
5573320174
5573320175
5573320180
5573320181
5573320184
5573320185
5573320187
5573320194
5573320204
5573320207
5581594303
5581594304
5581594312
5581594318
5581595427
5581595432
5585689256
5585689268
5585689277
5585689281
5586338055
5586338062
5586338070
5586338075
5586338110
5586338835
5588757518
5588757827
5588757835
5588757839
5588757865
5588757866
5588757867
5588757891
5588757892
5588757895
5588757898
5588757903
5588757909
5588757913
5588757915
5588757916
5588757918
5588758052
5588758076
5588758082
5595619529
5595619533
5599738045
5599738049
5599738054
5599738068
5599738076
5599738080
5599738090
5599738096
5599738107
5599738118
5599738423
5599738428
5599738433
5602512099
5602512101
5602519491
5602519497
5602519498
5602519500
5602519501
5602701291
5602701292
5602701295
5602701296
5602701297
5602701300
5602701305
5602701310
5602701311
5602701313
5602701317
5602701318
5602701320
5602701321
5602701324
5602701328
5602701330
5602701333
5602701334
5602701335
5602701336
5602701337
5602701338
5602701361
5602701376
5602701377
5602701378
5602701382
5602701383
5602701384
5602701386
5602701390
5602701393
5602701394
5602701395
5608458131
5608458137
5608458140
5608458148
5608502531
5608502536
5608502547
5608502553
5608502564
5608502573
5608502580
5608502584
5608502588
5608502593
5608502599
5608502604
5608502613
5608502616
5608502618
5611951006
5611951015
5611965524
5611965546
5612876382
5612876384
5612876387
5612876388
5612876391
5612876392
5612876397
5612876406
5612876824
5612876827
5612876833
5612876839
5612876845
5612876860
5612876875
5612876891
5612876895
5612876909
5612876910
5612876928
5612876932
5612876937
5612876943
5612876953
5612876954
5612876955
5612876962
5612876969
5612876981
5612876982
5612876997
5612877005
5612877006
5612877019
5612877026
5612877038
5612877045
5612877049
5613051845
5613051850
5613051868
5613052041
5613052048
5613052049
5613052051
5613052098
5613052227
5613052228
5613052229
5613052240
5613052241
5613052242
5613052243
5613052276
5613052283
5613052290
5613052291
5613052296
5613052309
5613052311
5613121080
5613121336
5613121343
5613121353
5613121360
5613121375
5613121376
5613121378
5613121380
5613121391
5613121395
5613121406
5613121411
5613121414
5613121416
5613121525
5613121536
5613121539
5613121545
5613121546
5613121554
5613121567
5613121596
5613121597
5613147213
5613762296
5613762302
5613762318
5614569502
5618782565
5619295511
5619295512
5619295513
5619295514
5621054984
5621055001
5621055009
5621055014
5623984493
5626271124
5626271128
5626271132
5626271138
5626271149
5626331578
5628695300
5628696033
5628696042
5628696155
5628696157
5628696158
5628750457
5628752323
5628752354
5628752355
5628752358
5628752361
5628752365
5628752367
5628752371
5628752492
5628752493
5628752496
5628752497
5628752504
5628752506
5628752508
5628781867
5628781868
5629883386
5629883390
5629883397
5629883401
5635400065
5635400075
5635400079
5635400094
5635400098
5635401026
5635401032
5635401038
5637019090
5637019096
5637019101
5637019118
5637040025
5637040029
5640850366
5645108197
5645108217
5646863221
5646863231
5646863236
5675315227
5675315228
5714700137
5714700183
5714700188
5722490204
5722490206
5722490207
5722493526
5722493529
5722493556
5730079064
5730079078
5733049595
5736869623
5736869634
5736869642
5736869667
5737956611
5737956618
5740601679
5740601719
5740607722
5740607723
5741724728
5742665655
5742665659
5742665666
5742665670
5742665674
5742665681
5742665685
5742665695
5742665702
5742665708
5748255194
5748255204
5748255208
5748255217
5748256927
5748256931
5753024565
5753024569
5753024578
5753024592
5753024597
5753024601
5753024607
5753024614
5753024620
5753025324
5753025330
5753025334
5753025376
5769343971
5784542878
5784542879
5784542917
5784542918
5784542933
5784542937
5789369344
5789409041
5789409044
5789411054
5789411057
5789411062
5789411072
5789411073
5789411075
5789411076
5789411077
5789411078
5789411080
5789411081
5789411082
5789411083
5789411086
5789411087
5789411089
5789411090
5789411093
5789411094
5789411097
5789428130
5789428131
5789428134
5789428136
5789428139
5789428144
5789428148
5789428151
5794794162
5794794169
5797503258
5797519468
5797519475
5797519476
5797519477
5797519479
5797519487
5797519491
5797519493
5797541166
5797541169
5797541199
5797541202
5797541216
5797541217
5797541219
5797541220
5797592386
5797828497
5797828501
5797828502
5797828510
5797905092
5797945608
5800045375
5800062925
5800062926
5800062927
5800062928
5800079149
5800079253
5800079268
5800079270
5800079280
5800079281
5800079283
5800088846
5800088862
5800089345
5800089347
5800090220
5800090229
5803349629
5803349633
5803349634
5803349635
5805673166
5805673170
5805673177
5807318421
5807318445
5808290982
5808290986
5808291002
5808291006
5808291010
5808291014
5808291020
5808291027
5808291036
5808292353
5808292358
5808292364
5808292369
5811420577
5811457142
5811457143
5811457144
5811457149
5813704663
5813704664
5815413573
5815413580
5815413603
5845637074
5845637086
5845637087
5851008395
5851008401
5851008405
5851008412
5851008421
5851008427
5855869885
5855869891
5855869908
5855869912
5860604405
5860638966
5863506332
5863507485
5866234885
5867618035
5867618051
5867618055
5874627281
5874628986
5874628989
5874628992
5874628993
5922411897
5922411898
5979091005
5979091008
5979091037
5979091043
5979154563
6000120309
6002040884
6011355225
6013194859
6013393824
6013471996
6013472101
6013472205
6013472212
6013472216
6013472217
6013472263
6013472349
6013472426
6013472427
6013472437
6013472438
6013472452
6013472479
6013784589
6013784599
6013784601
6013784605
6013784606
6013784610
6013784613
6013784614
6013784615
6013784618
6013784619
6013784623
6013784624
6013784625
6013784626
6013784627
6013784628
6013784629
6013784630
6013784632
6013784662
6013784666
6013784669
6013784670
6013784671
6013784672
6013784679
6013785492
6013785500
6013785504
6013785510
6013785515
6013785518
6013785519
6013785523
6013785529
6013785531
6013785533
6013785537
6013785542
6013785543
6013785544
6013785545
6013785546
6013785547
6013785549
6013785555
6013785556
6013785557
6013785565
6013785572
6013785578
6013785595
6013785596
6013785600
6013785601
6013785605
6013785608
6013785610
6013785615
6013785620
6013785622
6013785623
6013785627
6013785632
6013785638
6013785650
6013785657
6013785660
6013785663
6013785668
6013785680
6013785683
6013785791
6013785798
6013785800
6013785811
6013785814
6013785815
6013802508
6013802513
6013802518
6013802534
6013802538
6013802543
6013802546
6013802552
6013802560
6013802561
6013802568
6013802574
6013802576
6013802578
6013807886
6013807891
6013807910
6013865411
6013865426
6013865427
6013865430
6013865436
6013865438
6013865439
6013865440
6013865441
6013865442
6013865443
6013865444
6013865447
6013865448
6013865450
6013865452
6013865455
6013865475
6013865479
6013865785
6013865792
6013901414
6013901421
6013901422
6013901423
6013901430
6013901441
6013901442
6013901453
6013901456
6014021306
6014021310
6014021311
6014021315
6014021316
6014021320
6014021321
6014021325
6014021330
6014021331
6014021343
6014102540
6014102542
6014102545
6014102576
6014102582
6014102583
6014103290
6014103292
6014103293
6014103295
6014103296
6014103297
6014103299
6014103300
6014103303
6014103304
6014103305
6014103309
6015592541
6015592545
6015592553
6015592554
6015592574
6021430528
6021430544
6021430548
6021430563
6021430567
603415280
603415283
6039001121
6047713638
6047713647
6047713648
6047713649
6047713651
6047713653
6047713654
6047713655
6047713657
6047713658
6049576114
6049576130
6049576132
6049576133
6049576134
6049576138
6049576141
6049576142
6049576154
6049576155
6049576156
6049576158
6049576159
6049576161
6049576162
6049576183
6049595186
6049595189
6049595191
6049595192
6049595193
6049595198
6049595203
6049595205
6049595206
6049595211
6049595212
6049595214
6049595215
6049595216
6049595217
6049595218
6049626384
6049626385
6049626386
6049626390
6049626394
6049626401
6049626405
6049626407
6049626409
6049626413
6049626414
6049744110
6049744111
6049744112
6049744113
6049744120
6049744122
6049744125
6049744126
6049744128
6049744133
6049744134
6049744142
6049744147
6049744148
6049744149
6049744161
6049744167
6049745693
6049745696
6049745701
6049745713
6049745716
6049745717
6049745720
6049745723
6049745734
6049745738
6049745741
6049745748
6049745751
6050034960
6050034963
6050034970
6050034980
6050035385
6050035387
6050035396
6050035398
6050035407
6050035410
6050035412
6050035413
6050035417
6050035418
6050035419
6050035420
6050035422
6050035423
6050035426
6050035428
6050035430
6050035436
6050035437
6050035525
6050035528
6050035531
6050035532
6050035537
6050035545
6050035548
6050035551
6050035552
6050099916
6050207537
6050207539
6050207541
6050207542
6050207545
6050207552
6050207559
6050207561
6050207834
6050207848
6050207858
6050207862
6050207863
6050207864
6050207874
6050207875
6050207887
6050207888
6050207892
6050244221
6050244222
6050244223
6050244224
6050244225
6050244227
6050244228
6050244229
6050244230
6050244232
6050244234
6050244238
6050244241
6050244244
6050244245
6050244589
6050244649
6050244650
6050244651
6050244658
6050244659
6050244661
6050244663
6050244665
6050244667
6050244669
6050244671
6050244678
6050244679
6050244680
6050244681
6050244683
6050244684
6050244685
6050244696
6050244701
6050244720
6050244722
6050244734
6050244735
6050244736
6050244737
6050244738
6050244745
6050244747
6050244752
6050244755
6050244759
6050244764
6050244766
6055358461
6055408442
6055408447
6055408453
6055942083
6055942186
6055942187
6055942188
6055942189
6059250992
6059250993
6071075588
6071075592
6071075599
6071075609
6071075613
6071075621
6071075625
6071075636
6071075651
6076813065
6076813075
6076813080
6076813486
6076813498
6076813502
6076813510
6076813525
6076813531
6076813537
6076813542
6076813546
6076813551
6085797708
6085797716
6118601137
6118601140
6118601178
6118601179
6118601180
6118601181
6119051436
6119051444
6119051456
6119073162
6119086309
6119086311
6119086315
6119086318
6119086328
6119086330
6119086332
6121217424
6121758629
6121758653
6121758663
6121758674
6124382702
6124382706
6124382708
6124382710
6124382712
6124383110
6124383112
6124383113
6124383123
6124392501
6124392503
6124392506
6124392509
6124392510
6124392511
6124392512
6124392528
6124392541
6124392545
6124392560
6124413979
6124683203
6124683207
6124688403
6124688415
6124761584
6126106280
6126106282
6126106283
6126107099
6126107100
6126107101
6126107102
6126107103
6126119687
6126119693
6126119694
6126119696
6126119697
6136109124
6140535710
6140535716
6140535717
6140535724
6140535725
6140535726
6140535727
6140535730
6140535732
6140535737
6140535738
6140535739
6140535740
6140535741
6140535742
6140535743
6140535744
6140535745
6140535746
6140535749
6140535751
6140535752
6140535765
6140535766
6140535767
6140535769
6140535770
6140535771
6140535776
6150060365
6150060367
6150060371
6150060375
6150060380
6162877451
6167350395
6167350401
6169695757
6169695758
6169695764
6169697265
6169699331
6169699336
6171137252
6171137257
6171137265
6171137278
6171137587
6171137588
6171146533
6171164502
6171164503
6171164507
6171164511
6171164515
6171164519
6171192213
6171192225
6171192245
6171192265
6171193185
6176640730
6184996106
6184996107
6186152818
6186152826
6187566103
6187566110
6187566130
6187569763
6187569854
6187569861
6187569886
6187569888
6187569889
6187962533
6187962555
6187962557
6209470532
6209470542
6211634007
6213505185
6213505192
6213505196
6213505200
6213505211
6214602480
6214602481
6214602482
6214602483
6214606596
6214606597
6214606598
6214606608
6214606618
6214606619
6214606620
6214606624
6214606625
6214606626
6214606627
6214606628
6214606629
6224262497
6224262498
6224262529
6224262535
6224262541
6224262550
6224262555
6224262556
6224262557
6224262558
6224262570
6224262571
6224263415
6224263419
6224263422
6224263423
6224263431
6224263432
6224263466
6224263493
6224263520
6224263532
6224263689
6224263690
6224263705
6224263706
6224263710
6224263717
6224263722
6224263723
6224263727
6224263743
6224263744
6224263761
6224263762
6224263770
6224263780
6224263782
6224263783
6225190095
6228930139
6228930140
6235586762
6235586769
6235586772
6235586773
6235586776
6235586782
6235587389
6235587390
6235587391
6235587392
6235587394
6235587403
6235587404
6235587434
6235587439
6235587461
6235587462
6235587469
6235587495
6235587496
6235587497
6235587502
6235587507
6235587509
6235587513
6235587517
6235587520
6235587528
6235587529
6252595991
6252595996
6257575034
6258805264
6258805267
6258805503
6262777745
6262777757
6262777775
6262777776
6262777825
6262777841
6262777845
6262777873
6262777889
6262777893
6262777909
6262777925
6262777929
6262777936
6262777937
6262780502
6271183579
6271183580
6271254510
6271254511
6271254520
6271254525
6271860171
6271860175
6271860179
6278242624
6278320182
6278321591
6278321592
6278321593
6278321595
6278321608
6278321615
6278321625
6278321626
6278321627
6278321628
628641729
628641730
628641731
628641734
628641738
628641742
628641785
6295901873
6295901988
6295901996
6295902006
6303008943
6303008945
6303008956
6303008963
6303008964
6303008966
6303008967
6303008969
6303008970
6303008971
6303008982
6303009785
6303009787
6303009792
6303009793
6303009798
6303009799
6303009804
6303506265
6303506266
6303506272
6303506273
6303506274
6303506898
6303506899
6303506900
6303506901
6303506902
6303506903
6305300841
6305300842
6305300844
6305617312
6312758365
6312758370
6321107441
6325741272
6325741273
6325741361
6325741362
6325741363
6325741364
6326751151
6326751152
6328459518
6337273208
6337273209
6337273210
6337273211
6337273212
6341046066
6341069032
6341069044
6341069046
6341069050
6341069052
6341069053
6341069061
6341069062
6349198970
6356151541
6356151542
6356151543
6356151544
6356151545
6356151546
6356151547
6356151548
6356151549
6356151550
6356151551
6356151552
6356151553
6356151554
6356151555
6356151556
6356151893
6356151894
6356151895
6356151896
6356151897
6356151898
6356151900
6356151901
6356151902
6356151904
6356151905
6356151906
6356151907
6356253708
6358142763
6362238690
6362238717
6362238718
6362238719
6370316166
6370316170
6370316171
6370316172
6370316176
6373358242
6373358751
6373358752
6373358753
6373358754
6397207542
6397207544
6397207545
6397207546
6397207547
6397207548
6397207551
6397207560
6397207562
6397207564
6397207572
6397207573
6397207574
6397207575
6397207576
6397207577
6397207578
6397207579
6397207580
6397207581
6397207582
6397207583
6397207584
6397208985
6397208986
6397208987
6397208988
6397208989
6397208990
6397208992
6397208994
6397208995
6397208996
6397208997
6397209007
6397209008
6397209010
6397209013
6397209015
6397209017
6397209019
6397209022
6397209023
6397209024
6397209025
6397209026
6397209027
6397209028
6397209029
6397209030
6397209031
6397209032
6397209033
6397212680
6397212988
6397212990
6397212993
6397212994
6397213020
6403568742
6403568763
6411373723
6411610434
6413167660
6417362049
6449211827
6449211835
6449211836
6449211845
6449211846
6449211847
6449211848
6449211850
6449211851
6449211852
6449211855
6463442203
6463442206
6463442208
6463442211
6463442212
6463442213
6463442217
6463442218
6463442219
6463442223
6463442224
6463442225
6463442226
6463442227
6463442228
6463442243
6463442247
6463442248
6463442249
6463442253
6463442254
6463442255
6463442256
6463442257
6463442258
6463442259
6463442270
6463442278
6463442281
6463442282
6463442283
6463442284
6463442386
6463442387
6474752336
6474752352
6474752353
6474752358
6474808623
6474808625
6475195896
6490214690
6490214702
6490214703
6490214709
6490214710
6490214743
6490226011
6497436119
6497436120
6497436121
6497436122
6497535204
6510239432
6510239437
6510239438
6510239439
6510239449
6510239450
6510239451
6510240733
6510240737
6510240746
6514789819
6514789829
6514789846
6514789847
6514789854
6514789877
6514789878
6514789883
6514796918
6514796920
6514796924
6514796926
6514796927
6514796929
6514796935
6514796936
6514796937
6514796938
6514796939
6514796943
6514796944
6520133871
6520133875
6520133878
6520133879
6520133881
6520150685
6520150686
6520150687
6520150688
6520150700
6520150701
6520150702
6520150703
6520150704
6520150714
6520150715
6520150716
6533307904
6533307905
6533307907
6533307908
6554361261
6554361396
6554361409
6554361412
6554361413
6554361885
6554361886
6554361894
6554361895
6554361896
6554361897
6554361903
6554361904
6554361905
6554361906
6554364456
6554364469
6554364471
6554364474
6554377223
6554377224
6555477299
6556574576
6556574584
6556622285
6557142407
6557142408
6557142412
6557142415
6557142416
6557142421
6557158295
6557672852
6557672853
6557672854
6557672855
6557672870
6557672871
6557672872
6557672873
6557672874
6557672875
6557672876
6557672877
6557674599
6557674600
6557674601
6557674602
6557674603
6557674607
6557674620
6557674621
6557674622
6557674623
6557674624
6557674625
6557674626
6557674629
6557674630
6563055854
6563055855
6563055860
6563055861
6563055862
6572844833
6572844834
6572844835
6576061557
6576061566
6588174458
6588174461
6588174462
6588187749
6588187750
6588187751
6588187752
6588187768
6594652085
6596797653
6596797654
6596797661
6596797668
6596797669
6596797671
6596797673
6596797675
660131560
660131604
660131607
660131609
660131621
660131727
660131733
660131741
660131742
660131747
6604650003
6652370795
6682516553
6682516560
6682516565
6682522698
6682522739
6682522842
6682522843
6682522844
6682522845
6682522846
6682522847
6682522848
6682522849
6682522850
6682522851
6682522926
6682522928
6682522929
6682522931
6682522932
6682522946
6682522947
6682522948
6682522978
6682522979
6682522980
6682522981
6682523066
6682523067
6682523068
6682523069
6685882239
6685882240
6685882241
6685882243
6685882244
6685882245
6685882271
6685885686
6685885734
6685885739
6685885741
6685885826
6685885897
6685885898
6685885900
6685885903
6685885905
6685885906
6685885908
6685885909
6685885910
6685885911
6685885915
6685885924
6685885925
6685885931
6685885980
6685885985
6685885991
6685885993
6685885994
6685885995
6685885996
6685885997
6685885998
6685885999
6685886001
6685886012
6685886034
6685886037
6685886039
6685886041
6685886045
6685886049
6685886057
6685886062
6685886063
6685886064
6685886065
6685886066
6704947970
6704947971
6704947972
6704947973
6715213776
6715213779
6715213780
6715220812
6715220813
6715220824
6715220830
671581756
671581781
671587213
671587238
671587267
671587287
671587313
671591330
671591420
671591422
671591584
671591599
671600406
671600414
671600440
672282737
672282785
672282824
672282850
672282861
672282867
672282894
672282899
672282900
672282943
672282946
672287905
672287939
672293777
672349622
672349637
672349887
672360478
672360506
672360527
672360552
672360553
672360556
672360559
672360587
672360627
672360698
672360710
672360797
672360898
672362109
672362123
672405808
672405830
672406138
672406202
672406288
672406316
6802871828
6802871834
6802871840
6802871844
6802871850
6802871854
6802871858
6802871862
6802871868
6802871872
6802871876
6802913586
6802913596
6802913600
6802913604
6802913610
6802913614
6802913618
6810698362
6810698366
6810698367
6810698379
6810710520
6814327917
6814327919
6814327925
6814327926
6814327927
6814327928
6814332406
6814332407
6868807383
6917868645
6917868648
6917868649
6917868650
6917868652
6917868659
6917868667
6917868673
6992300057
6992300058
6992300059
6992300060
7031948585
7031948590
7035906222
7035906240
7035906245
7035906251
7035906262
7035906263
7035906264
7035906265
7035906266
7035906267
7035906268
7035906269
7035906282
7035906292
7035906293
7035906306
7035906307
7035906308
7035906309
7035906311
7035906312
7035906313
7037616111
7043822987
7089244013
7089244014
7093223055
7093223056
7093223057
7093223058
7093366036
7093366037
7093366038
7093366039
7093366045
7093387593
7093387598
7093387599
7093387601
7093387603
7093387608
7093387609
7093387612
7093387614
7093387617
7093387621
7093387622
7093387630
7093387640
7093387645
7093387648
7093387649
7093387653
7093387659
7093387664
7093387667
7093387673
7093387685
7093387690
7093387691
7093387693
7093387694
7093387701
7093387709
7093387710
7093387711
7093387712
7093387713
7093387714
7093387715
7093387716
7093387717
7093387718
7093387726
7093387727
7093387731
7093387732
7093387733
7093387734
7093387737
7093387738
7093387747
7093387748
7093387749
7093387754
7093387756
7093387801
7179017388
7185543842
7194638094
7194656583
7194678286
7203319199
7203319200
7205551372
7205580299
796679602
796679604
803147935
803147944
803149456
803149470
803149473
803149474
803149746
803149763
803149778
803149786
803150974
838319857
838319859
838319867
838319874
838319883
838319887
838319890
838319891
838319909
838319910
841632482
841632489
841632493
841634955
841640681
872832450
872833772
872834372
872835364
962955215
962955231
963549497
963638438
963638465
