0 :
10 31 32 103 168 176 224 232 774 808 1037 1350 1546 1716 1738 2390 2401 2488 2564 2570 2701 2855 2857 2859 2861 2862 2876 2886 2965 2991 2994 3039 3040 3097 3169 3181 3198 3208 3209 3285 3543 3648 3654 3694 3778 3955 3976 4115 4116 4125 4175 4177 4212 4659 4730 4737 4777 4784 4930 4990 5243 5248 5256 5306 5307 5611 5619 5620 5622 5726 6034 6036 6073 6125 6196 6234 6315 6332 6337 6339 6340 6341 6342 6343 6344 6686 6912 6913 6918 6919 7082 7369 7428 7585 7586 
1 :
9 362 395 398 452 499 526 529 577 614 639 662 689 710 719 763 765 825 828 849 850 852 855 889 892 914 929 944 954 965 979 1011 1012 1026 1065 1078 1134 1135 1149 1153 1173 1175 1197 1216 1287 1302 1309 1311 1312 1313 1314 1329 1330 1377 1419 1422 1425 1432 1448 1645 1676 1692 1709 1726 1728 1735 1737 1776 1798 1799 1800 1802 1807 1810 1818 1819 1864 1894 2058 2087 2107 2120 2125 2135 2280 2371 2529 2536 2751 2806 2807 2871 2979 3119 3241 3249 3250 3277 3278 3350 3351 3411 3412 3413 3427 3430 3431 3433 3443 3448 3457 3507 3563 3591 3617 3706 3719 3723 3775 3801 3826 3861 3970 3999 4059 4062 4065 4066 4086 4087 4227 4265 4268 4300 4312 4521 4626 4757 4864 4886 4887 4888 4889 4894 4941 4943 4989 4994 5032 5215 5319 5322 5333 5399 5429 5446 5447 5546 5569 5570 5628 5718 5719 5791 5813 5859 5866 5889 5890 5895 5902 5934 5936 5956 5990 5993 6062 6229 6267 6273 6276 6357 6402 6473 6482 6497 6967 7021 7037 7283 7284 7285 7320 7333 7334 7337 7404 7449 7456 7457 7503 7506 7509 7512 7513 7514 7516 7517 7518 7519 7520 7521 7522 7525 7535 7541 
2 :
441 541 1461 1473 1824 1828 1997 2016 2067 2090 2094 2247 2269 2337 2411 2412 2417 2436 2437 2537 2538 2545 2620 2624 3042 3043 3156 3157 3230 3322 3399 3880 3960 3961 3962 4108 4329 4380 4404 4445 4496 4547 4551 4552 4553 4557 4560 4579 4580 4581 4583 4584 4585 4586 4682 4684 4690 4963 4999 5056 5105 5114 5121 5138 5139 5232 5233 5646 5649 5651 5668 5672 5697 5708 6258 6264 6543 6544 6553 6556 6561 6566 6573 6574 6575 6576 6579 6625 6653 6658 6665 6666 6667 6668 6714 6720 6790 6860 6861 6862 6864 6868 7102 7112 7113 7227 7323 
3 :
266 293 298 409 535 659 757 1190 1192 1217 1221 1224 1362 1364 1373 1429 1601 1666 1727 1820 1882 1890 1989 2245 2533 2541 2552 2556 2632 2633 2775 3237 3409 3453 3465 3466 3469 3874 3876 3901 3908 4325 4340 4341 4349 4544 4558 4666 4667 4703 4707 4939 4955 4968 5001 5155 5347 5369 5430 5635 5640 5645 5647 5655 5657 5680 5755 5862 5871 5872 5893 5894 5905 6261 6447 6460 6506 6522 6567 6569 6586 6657 6800 7105 7107 7108 7109 7111 7164 7165 7223 7224 7294 7295 7342 7386 7413 7659 
4 :
8 64 65 86 88 114 115 122 127 145 154 192 209 219 739 789 816 997 1348 1402 1418 1462 1506 1518 1520 1528 1565 1620 1973 1975 2078 2101 2102 2236 2307 2405 2565 2593 2598 2599 2702 2784 2805 2888 2902 2903 2936 2955 2975 2984 3010 3022 3033 3179 3184 3193 3200 3554 3568 3590 3623 3630 3650 3674 3678 3699 3774 3785 3796 3932 3948 3977 3978 4149 4207 4263 4284 4285 4726 4741 4763 4780 4928 4970 5172 5267 5305 5564 5565 5566 6018 6028 6075 6089 6096 6156 6157 6165 6178 6236 6237 6247 6307 6352 6376 6495 6998 7056 7059 7065 7067 7134 7327 
5 :
4 13 21 38 76 93 248 260 401 402 403 404 544 627 637 638 641 644 664 673 681 697 703 709 720 751 919 962 1028 1031 1237 1239 1281 1282 1283 1286 1290 1292 1293 1295 1298 1300 1317 1323 1327 1331 1440 1497 1502 1515 1582 1796 2130 2136 2353 2364 2365 2452 2456 2607 2738 2740 2741 2742 2754 2788 2816 2821 2836 3034 3262 3279 3301 3302 3349 3428 3438 3467 3468 3470 3472 3477 3485 3504 3578 3890 3988 3990 4003 4009 4011 4016 4018 4027 4030 4033 4036 4061 4076 4223 4233 4270 4273 4827 4854 4860 4861 4862 4863 4865 4866 4867 4868 4869 4870 4871 4878 4902 4904 4907 4908 4976 4993 5020 5331 5394 5398 5404 5517 5519 5528 5544 5729 5736 5746 5777 5967 5974 6254 6255 6360 6404 6406 6929 6994 7088 7089 7153 7470 7483 7484 7490 7492 7498 7499 7500 7511 7515 7524 7526 7528 7538 
6 :
259 262 465 504 514 549 559 561 636 665 669 670 682 690 713 754 831 891 902 909 1008 1019 1020 1021 1033 1165 1171 1324 1444 1457 1464 1489 1490 1499 1579 1616 1647 1648 1654 1662 1697 1731 1779 1791 1795 1809 1879 1884 1886 1995 2059 2105 2132 2351 2501 2786 2797 2819 2837 2913 2953 2976 3107 3280 3281 3300 3311 3312 3338 3404 3440 3452 3473 3478 3479 3525 3535 3882 3891 3892 3896 3925 4090 4092 4239 4313 4315 4317 4318 4469 4606 4607 4627 4685 4852 4875 4876 5017 5185 5225 5346 5372 5377 5452 5633 5747 5765 5778 5803 5823 5829 5830 5840 5843 5847 5852 5854 5873 5874 5884 5885 5906 5910 5921 5937 5954 5984 5998 6269 6287 6478 6496 6650 6651 6688 6814 6880 6881 6955 6972 6974 6988 6991 6995 7095 7096 7140 7162 7163 7198 7321 7399 7453 7454 7475 
7 :
5 36 59 106 118 119 173 200 201 207 235 475 645 807 814 830 845 871 873 957 984 992 1035 1517 1622 1751 1896 1965 1968 1970 2235 2281 2297 2392 2404 2457 2464 2468 2482 2512 2521 2557 2573 2583 2813 2898 2901 2904 2944 2958 2959 2986 2989 2992 3016 3017 3019 3020 3021 3027 3028 3029 3030 3031 3058 3094 3166 3182 3220 3227 3228 3316 3502 3511 3529 3579 3601 3609 3611 3624 3652 3664 3737 3739 3769 3781 3782 3786 3819 3839 3844 3954 4041 4044 4151 4153 4156 4158 4161 4165 4167 4168 4183 4201 4215 4482 4483 4485 4486 4751 4774 4775 5162 5286 5301 5342 5491 5498 5499 5501 5502 5505 5509 5510 6004 6026 6044 6063 6084 6101 6131 6151 6152 6190 6206 6209 6220 6296 6504 6505 6878 6943 7020 7025 7026 7036 7275 7329 7347 7359 7362 7549 7602 7603 
8 :
302 303 307 318 417 455 486 1631 1703 2025 2028 2029 2045 2210 2212 2213 2332 2340 2445 2539 2647 2648 2709 2712 2715 2720 2725 2727 3381 4385 4546 5067 5070 5078 5084 5093 5097 5103 5112 5120 5675 6582 6610 6778 6779 6780 6782 6785 6789 6791 6792 6826 6836 6856 7303 7306 7308 7309 7611 7617 7618 7619 7624 7625 7626 7627 
9 :
50 51 73 78 82 134 185 216 217 233 379 575 742 784 790 833 835 837 985 988 1352 1507 1522 1551 1815 1845 1912 1941 1944 1963 1980 2477 2492 2566 2581 2595 2600 2602 2779 2780 2882 2889 2946 2950 2985 3061 3062 3069 3070 3071 3072 3073 3074 3075 3076 3077 3088 3089 3092 3191 3195 3251 3252 3253 3254 3255 3257 3266 3271 3275 3317 3320 3505 3506 3540 3569 3586 3622 3688 3765 3791 3821 3848 3867 3930 3952 4100 4170 4171 4182 4206 4218 4282 4283 4617 4645 4647 4661 4783 5168 5255 5261 5280 5487 5494 5526 5529 5592 5593 5594 5595 5604 6016 6042 6083 6098 6146 6168 6197 6201 6243 6345 6375 6410 6421 6430 6440 6501 7043 7044 7060 7071 7098 7099 7420 7421 7598 
10 :
16 253 391 392 393 394 492 519 521 598 605 607 608 611 626 688 758 854 859 888 893 970 1005 1006 1017 1024 1141 1152 1161 1212 1230 1277 1280 1406 1437 1438 1442 1443 1445 1455 1532 1569 1604 1615 1682 1729 1732 1773 1793 1846 1861 2110 2124 2272 2279 2311 2314 2329 2359 2397 2548 2756 2776 2877 2920 2978 3112 3115 3130 3132 3133 3153 3232 3310 3346 3435 3510 3606 3615 3713 3730 3731 3845 3887 3903 3906 3916 3985 3997 4029 4037 4072 4297 4304 4831 4844 4847 4848 4850 4851 4880 4892 4893 4956 5003 5028 5187 5242 5366 5483 5572 5654 5742 5810 5811 5812 5818 5820 5821 5822 5825 5826 5837 5875 5897 5901 5912 5914 5955 5977 5978 5981 5991 6056 6272 6399 6499 6510 6743 6882 6924 6949 7024 7058 7178 7192 7194 7197 7203 7279 7472 7485 7491 7493 7543 
11 :
406 407 443 457 532 1228 1478 1493 1494 1495 1847 2082 2154 2370 2410 2413 2414 2415 2416 2419 2420 2423 2543 2619 2630 2635 2824 2825 2826 3041 3045 3382 3872 3917 4101 4102 4103 4326 4335 4336 4356 4358 4467 4468 4471 4472 4548 4549 4561 4596 4597 4600 4672 4675 4676 4680 4694 4706 4710 4938 4954 5189 5367 5380 5689 6519 6520 6521 6523 6571 6572 6577 6578 6597 6654 6670 6983 6987 7405 7658 
12 :
418 421 426 1057 1467 1765 1817 1996 2024 2049 2146 2197 2198 2252 2327 2335 2336 2666 3246 3451 3458 3460 4396 4398 4406 4429 4430 4431 4432 4436 4437 4441 4442 4443 4444 4799 5045 5063 5065 5075 5082 5106 5109 5147 5194 5201 5660 5671 6442 6487 6771 7103 7291 7398 7545 
13 :
11 24 45 79 90 94 95 136 180 251 472 490 511 711 714 798 802 812 1320 1326 1328 1511 1519 1523 1556 1558 1560 1720 1836 1901 1902 1905 2284 2382 2455 2465 2480 2523 2563 2606 2734 2743 2885 2906 3008 3063 3205 3224 3259 3267 3268 3269 3325 3326 3329 3508 3531 3565 3637 3669 3695 3760 3792 3793 3799 3810 3815 3818 3830 3834 3841 3842 3853 3855 3857 3863 4055 4118 4137 4144 4213 4276 4474 4527 4614 4734 4744 4749 4916 4921 4923 4926 4936 4992 4998 5014 5240 5241 5401 5527 5538 5543 5559 5724 6032 6037 6104 6158 6172 6198 6205 6207 6208 6210 6298 6324 6326 6327 6329 6367 6417 6494 6920 6980 7360 7373 7375 7377 7378 7576 
14 :
408 411 456 1472 2030 2054 2188 2251 2342 2433 2434 2442 2444 2555 2623 2711 2713 2714 2716 2717 2723 3141 3143 3154 3364 3365 3385 3395 3877 4353 4392 4407 4408 4595 4965 5066 5222 5677 6535 6536 6537 6538 6539 6540 6545 6546 6547 6583 6584 6587 6588 6589 6618 6621 6628 6694 6855 6857 6858 7414 7612 7615 7616 7620 
15 :
388 396 420 477 602 617 630 657 658 660 747 847 881 894 901 912 916 918 936 995 1034 1145 1223 1225 1226 1227 1229 1238 1434 1469 1482 1570 1641 1646 1658 1663 1669 1689 1722 1767 1803 1805 1982 2278 2318 2322 2325 2346 2366 2372 2376 2508 2553 2636 2764 2917 2921 3247 3296 3299 3306 3455 3705 3715 3717 3897 3899 3911 3912 3914 3920 3986 3987 4060 4093 4347 4366 4465 4470 4609 4855 4948 5002 5013 5026 5048 5208 5209 5220 5226 5228 5335 5371 5416 5722 5753 5754 5780 5785 5795 5817 5827 5952 5961 5962 5969 5988 5989 5997 6270 6271 6279 6489 6687 6775 6776 6884 6970 6997 7171 7281 7286 7305 7382 7383 7501 7502 7504 
16 :
42 66 85 87 198 230 367 551 569 573 581 586 724 725 738 740 791 796 827 840 872 1416 1562 1621 1713 1761 1928 1950 1952 1954 1971 2119 2289 2292 2293 2294 2295 2459 2460 2466 2574 2732 2847 2879 2931 2938 2963 3002 3050 3068 3158 3226 3276 3291 3532 3533 3546 3600 3628 3643 3655 3675 3728 3729 3735 3755 3758 3975 3979 4134 4135 4146 4147 4169 4172 4644 4750 4922 4977 5164 5296 5496 5511 5580 5585 6007 6088 6153 6171 6218 6250 6513 6922 7018 7027 7073 7128 7136 7345 7357 7435 7436 7441 7591 
17 :
295 312 315 316 331 336 337 338 1055 1848 2060 2061 2064 2217 2259 2261 2432 2558 2689 3148 3149 3150 3151 3152 3356 3373 3375 3376 3377 3378 3379 3380 4790 4792 4817 4819 5007 5022 5043 5071 5072 5089 5128 5940 6396 6397 6450 6453 6458 6492 6493 6594 6606 6753 6761 6772 6781 6934 6935 7013 7014 7289 7293 
18 :
254 263 265 513 524 525 601 604 610 612 629 685 745 880 900 906 915 928 934 948 969 972 973 975 1013 1130 1131 1132 1138 1151 1276 1279 1306 1408 1436 1446 1451 1581 1590 1634 1670 1672 1674 1677 1678 1679 1686 1695 1701 1725 1758 1781 1911 1918 2171 2309 2507 2549 2550 2770 2771 2772 2833 3106 3120 3135 3236 3352 3353 3363 3437 3439 3480 3483 3560 3714 3724 3838 3898 3909 3950 3983 3984 3994 4028 4091 4271 4293 4295 4306 4323 4324 4333 4334 4337 4345 4346 4668 4673 4756 4986 4995 5027 5339 5364 5373 5374 5393 5403 5420 5514 5653 5687 5744 5759 5762 5776 5782 5784 5807 5839 5870 5913 5973 6253 6275 6401 6403 6405 6467 6656 6685 6872 6951 7038 7179 7186 7189 7322 7384 7385 7507 7508 7510 7555 7559 7571 7573 
19 :
161 163 166 193 223 801 803 805 868 994 1039 1759 1829 1830 1841 2084 2098 2099 2100 2162 2164 2237 2383 2402 2403 2473 2474 2483 2498 2594 2783 2866 2895 2988 2997 2998 3159 3190 3626 3651 3702 4130 4136 4138 4141 4148 4476 4478 4479 4480 4487 4488 4526 4528 4533 4537 4538 4542 4781 5165 5238 5341 5555 5560 5601 6009 6085 6099 6114 6144 6159 6166 6191 6193 6194 6219 6221 6222 6227 6346 6353 6354 6466 6879 6909 7075 7367 7368 7372 7374 7376 7379 7380 7381 7418 
20 :
288 300 308 310 319 321 322 323 325 327 328 329 335 1046 1049 1050 1051 1056 1248 1249 1999 2004 2005 2022 2062 2096 2189 2190 2191 2203 2204 2214 2227 2228 2253 2263 2268 2271 2334 2339 2343 2347 2418 2429 2430 2546 2655 2671 2673 2679 2686 3147 3160 3367 3368 4389 4391 4393 4394 4405 4426 4453 4504 4508 4700 4701 4793 4794 4967 5062 5092 5094 5095 5100 5108 5136 5224 5637 5683 6257 6266 6389 6532 6551 6601 6612 6613 6619 6622 6691 6693 6696 6698 6713 6717 6724 6725 6726 6727 6758 6760 6762 6764 6765 6766 6768 6769 6804 6808 6809 6810 6871 7000 7002 7004 7005 7008 7011 7012 7219 7221 7268 7269 7270 7288 7292 7393 7639 7640 7641 7642 7643 7644 7654 7660 
21 :
15 39 53 54 72 92 137 139 141 268 375 958 1009 1321 1503 1521 1541 1548 1550 1555 1566 1741 1743 1754 1816 1892 1961 2449 2450 2560 2561 2745 2957 3047 3066 3067 3095 3170 3178 3204 3225 3258 3260 3274 3496 3670 3672 3741 3742 3746 3827 3831 3836 3843 3846 3856 4054 4068 4071 4157 4162 4214 4244 4248 4251 4255 4256 4259 4623 4651 4663 4713 4719 4724 4729 4738 4740 4742 4743 4745 4760 4840 4925 5262 5264 5295 5303 5304 5387 5388 5390 5503 5504 5512 5520 5535 5540 5591 5612 5613 5716 6314 6318 6328 6409 6423 6424 6425 6426 6427 6428 6429 6431 6432 7452 7574 7575 7590 
22 :
384 385 386 387 444 507 517 552 555 764 766 821 832 897 899 907 947 949 1002 1095 1098 1113 1115 1120 1166 1339 1353 1354 1359 1363 1365 1367 1382 1404 1411 1572 1575 1576 1580 1649 1661 1664 1705 1706 1707 1708 1801 1806 1931 2319 2357 2517 2527 2531 2534 2611 2697 2729 2790 2831 2868 2924 3238 3423 3461 3462 3558 3559 3783 3971 4294 4360 4803 4806 4810 4947 5011 5025 5152 5204 5216 5313 5348 5349 5354 5355 5419 5426 5428 5431 5432 5437 5439 5440 5441 5456 5550 5552 5606 5773 5796 5887 5916 5942 6285 6516 6754 6802 6811 6962 6963 7057 7062 7143 7144 7145 7209 
23 :
1 243 479 496 548 683 694 702 705 706 707 860 933 940 946 974 976 978 1032 1154 1159 1160 1162 1167 1178 1193 1240 1241 1288 1289 1310 1332 1333 1447 1449 1453 1524 1535 1699 1766 1770 1885 2126 2360 2804 2814 2815 2823 2834 2977 3295 3445 3463 3464 3707 3708 3718 3721 3886 3991 3992 3996 4002 4004 4010 4021 4023 4063 4073 4074 4104 4236 4278 4299 4330 4331 4332 4339 4524 4618 4773 4834 4849 4874 4877 4879 4896 4897 4984 5146 5184 5317 5318 5323 5328 5376 5407 5409 5412 5721 5802 5804 5815 5828 5833 5838 5842 5845 5919 5957 5958 5995 6361 6472 6476 6477 6873 6874 6901 6964 7092 7093 7094 7204 7335 7336 7489 
24 :
37 43 58 112 120 123 124 128 129 130 133 147 165 171 189 202 376 380 782 865 1504 1508 1512 1513 1525 1529 1530 1531 1537 1553 1563 1747 1843 1900 1956 1957 2083 2478 2497 2567 2577 2703 2735 2749 2802 2808 2851 2954 2966 3168 3171 3187 3192 3199 3283 3358 3596 3620 3625 3636 3640 3649 3653 3798 3814 4043 4046 4047 4053 4113 4114 4190 4198 4205 4253 4287 4619 4620 4621 4622 4736 4917 4919 4920 4924 4927 4929 4932 4958 5270 5271 5272 5273 5274 5290 5291 5292 5298 5300 5309 6029 6046 6123 6238 6239 6241 6244 6249 6300 6308 6351 6355 6377 6385 6875 7344 7353 7422 7595 7666 7667 
25 :
276 1242 1252 1479 1617 1627 1629 1858 1984 2066 2159 2186 2194 2196 2206 2215 2220 2266 2426 2435 2439 2440 2830 3389 4110 4352 4489 4490 4491 4494 4497 4499 4500 4501 4506 4507 4509 4510 4513 4515 4516 4517 4518 4519 4571 4693 5023 5113 5144 5158 5357 5696 6445 6446 6525 6529 6554 6562 6565 6581 6590 6605 6608 6777 6830 6843 6844 6845 6846 6847 6849 6853 6854 6865 6891 7225 7226 7297 7546 7547 
26 :
40 429 430 476 546 567 571 580 593 733 755 770 772 838 952 1070 1107 1136 1258 1264 1265 1266 1267 1374 1378 1417 1585 1588 1684 1685 1915 1917 1921 1923 2168 2287 2301 2506 2516 2605 2694 2792 2844 2873 2880 2918 2941 3011 3013 3091 3137 3359 3513 3517 3527 3536 3574 3589 3612 3685 3761 3766 3835 3937 3944 5053 5345 5414 5581 5748 5779 5794 5971 5979 6069 6090 6169 6176 6204 6233 6277 6278 6283 6400 6511 6514 6749 6755 7051 7116 7118 7119 7138 7168 7430 7431 7450 7556 7558 
27 :
283 290 294 299 313 326 341 342 350 461 540 1052 1053 1633 2056 2057 2226 2438 2554 2627 2696 3155 3244 3397 3398 3964 4121 4368 4492 4493 4559 4562 4563 4565 4669 4695 4698 4704 4709 4801 4812 4979 5076 5088 5149 5679 5685 5690 6387 6488 6598 6602 6614 6690 6793 6797 6798 6835 6866 6932 7009 7010 7154 7155 7401 7632 7633 
28 :
2 49 239 240 591 624 625 654 668 691 767 876 877 886 941 950 1000 1014 1027 1091 1100 1106 1181 1187 1191 1195 1196 1198 1203 1204 1209 1213 1233 1236 1296 1301 1322 1325 1334 1394 1435 1466 1527 1596 1598 1704 1769 1862 1878 1920 2088 2108 2112 2116 2300 2320 2395 2500 2728 2794 2822 2912 2926 3102 3113 3335 3419 3424 3425 3442 3489 3494 3716 3885 3931 3939 3940 4057 4058 4064 4095 4096 4105 4229 4829 4845 4944 4946 4949 4975 4988 5006 5012 5018 5207 5427 5460 5518 5545 5568 5734 5745 5750 5771 5836 5850 5860 5879 5933 5992 6057 6212 6358 6359 6483 6484 6744 6746 6816 6820 6975 7131 7132 7133 7149 7152 7445 7455 7481 7488 7505 
29 :
14 55 70 71 91 140 153 160 164 199 203 267 381 448 515 516 718 721 729 775 793 842 867 1509 1547 1746 1756 1929 1946 1958 1959 1966 2086 2453 2467 2493 2640 2846 2856 2865 2951 2960 2993 3064 3065 3080 3081 3082 3083 3084 3085 3086 3162 3180 3206 3212 3215 3256 3263 3284 3292 3616 3736 3745 3770 4049 4052 4155 4202 4216 4221 4222 4249 4475 4481 4624 4716 4717 4718 4723 4725 4748 4768 4912 4981 5254 5265 5269 5311 5312 5389 5493 5530 5532 5533 5534 5536 5537 5605 5711 5712 6024 6043 6074 6082 6094 6109 6120 6134 6140 6188 6216 6217 6235 6248 6336 6338 6380 6419 6433 6502 7066 7079 7097 7330 7425 7550 7592 7593 7594 7596 7597 
30 :
69 117 175 229 363 368 371 467 491 494 495 523 556 558 563 564 643 699 727 732 737 761 768 777 810 815 823 858 939 980 981 990 1144 1273 1345 1375 1376 1379 1380 1383 1385 1386 1387 1388 1399 1420 1421 1423 1424 1554 1571 1605 1762 1786 1804 1895 1919 1925 1943 1974 2167 2274 2290 2291 2296 2298 2303 2305 2377 2471 2511 2513 2515 2522 2584 2597 2609 2610 2757 2785 2796 2818 2854 2869 2870 2891 2905 2927 2932 2939 2987 3012 3026 3114 3123 3186 3211 3233 3331 3333 3512 3514 3524 3528 3539 3587 3598 3603 3634 3679 3687 3700 3749 3763 3780 3787 3795 3816 3832 3934 3935 3936 3946 3972 4082 4120 4543 4649 4721 4732 4913 4997 5040 5042 5047 5160 5174 5229 5297 5315 5334 5421 5425 5435 5438 5445 5458 5459 5471 5485 5575 5579 5740 5743 5946 6061 6100 6161 6187 6202 6251 6316 6317 6356 6886 6910 7022 7068 7167 7182 7206 7328 7426 7476 7577 7578 7579 7581 7582 7588 7589 
31 :
277 281 284 285 286 306 317 330 356 357 663 672 744 1054 1189 1244 1245 1247 1250 1251 1491 1652 1812 1823 1874 2018 2023 2143 2144 2250 2255 2264 2338 2425 2458 2642 2643 2652 2653 2654 2828 3000 3321 3340 3341 3343 3408 3454 3883 3913 3921 3963 4106 4107 4123 4363 4369 4427 4556 4611 4696 4789 4881 4882 4883 4884 4885 4991 5077 5086 5087 5129 5150 5206 5844 5896 6265 6481 6491 6697 6702 6703 6704 6705 6721 6722 6723 6731 6736 6739 6741 6742 6903 6948 6950 6957 7001 7003 7006 7007 7272 7301 7304 7307 7310 7311 7312 7395 7663 
32 :
483 536 1188 1215 1231 1624 1680 1821 1822 1849 1875 2038 2042 2063 2193 2367 2544 2559 2618 2625 3918 3922 3967 4378 4466 4498 4502 4505 4512 4587 4588 4601 4603 4903 5135 5137 5140 5211 5469 5694 5864 5888 5949 6592 6593 6616 6617 6659 6747 6757 6863 6969 7410 
33 :
149 151 169 194 196 218 225 231 369 437 438 439 440 451 550 566 723 762 769 779 785 804 834 841 844 1340 1344 1403 1407 1714 1717 1835 1838 1840 1842 1897 1903 2122 2161 2169 2288 2380 2385 2391 2400 2406 2470 2489 2520 2524 2525 2528 2585 2589 2896 2930 2943 2990 3007 3032 3052 3053 3087 3163 3201 3519 3547 3552 3593 3608 3668 3686 3693 3703 3734 3747 3753 3754 3756 3767 3973 4525 4529 4530 4532 4764 4766 4771 5039 5054 5167 5175 5289 5293 5338 5488 5556 5562 5563 5571 5578 5631 6010 6067 6070 6071 6079 6086 6091 6092 6103 6119 6147 6179 6223 6232 6305 6309 6311 6319 6330 6331 6348 6914 6915 7064 7069 7070 7072 7076 7077 7078 7084 7087 7208 7419 7423 7427 7429 7552 
34 :
27 41 77 146 249 256 509 640 642 650 655 680 692 717 857 905 967 971 977 1018 1299 1514 1564 1748 1753 1940 1945 1948 1949 1953 1969 1978 2128 2603 2746 2750 2803 2810 2956 2962 2995 2996 3057 3116 3118 3167 3213 3214 3261 3264 3265 3286 3318 3347 3488 3638 3676 3943 3982 3989 4013 4014 4015 4022 4024 4034 4038 4048 4067 4080 4176 4179 4224 4225 4228 4231 4232 4242 4243 4612 4658 4728 4933 4934 4950 4962 4980 4985 5021 5181 5332 5406 5408 5411 5513 5539 5541 5542 5713 5715 5738 5792 5963 5985 5986 5987 6025 6030 6039 6040 6381 6411 6420 6422 7090 7091 7473 7479 
35 :
2013 2428 3324 3401 3402 3873 3958 4351 5099 5381 5684 5688 5691 5699 5705 5706 5707 6596 6671 6672 6673 6681 6682 6683 6684 6821 6823 6825 6828 6833 6834 7228 7229 7230 7231 7232 7233 7234 7235 7236 7237 7238 7239 7240 7241 7242 7243 7244 7245 7246 7247 7248 7249 7250 7251 7252 7253 7254 7255 7256 7257 7258 7259 7260 7261 7262 7263 7264 7265 7266 7267 
36 :
61 155 172 177 181 182 183 213 214 221 227 273 447 473 474 773 778 781 792 839 843 861 863 983 986 987 1427 1763 1888 1904 1926 1927 2079 2166 2286 2306 2379 2472 2484 2526 2582 2587 2841 2858 2863 2867 2899 3004 3096 3164 3183 3498 3516 3526 3619 3663 3671 3673 3684 3701 3945 3947 4131 4159 4191 4194 4195 4196 4197 4199 4200 4762 4767 4770 4836 4837 4838 5169 5173 5259 5316 5433 5486 5489 5492 5500 6081 6093 6102 6107 6128 6129 6132 6133 6138 6145 6148 6154 6155 6164 6167 6195 6362 6363 6365 6441 6906 6908 7050 7085 7346 7348 7354 7355 7363 7416 7424 7434 7599 
37 :
18 264 397 468 478 506 528 543 545 600 634 656 701 848 856 885 910 911 923 930 935 956 1001 1004 1127 1128 1172 1179 1180 1183 1185 1186 1194 1202 1205 1254 1269 1272 1316 1335 1409 1430 1484 1496 1516 1771 1774 1775 1787 1789 1826 1876 1883 1935 2072 2117 2182 2354 2361 2394 2551 2762 2773 2777 2795 2835 2909 3099 3117 3131 3134 3313 3414 3421 3422 3434 3486 3597 3604 3824 3900 3928 3966 3981 3993 3995 4032 4069 4070 4078 4081 4083 4088 4097 4111 4237 4238 4275 4338 4754 4841 4842 4843 4905 4945 5142 5153 5154 5320 5363 5391 5465 5735 5769 5781 5832 5848 5849 5877 5943 5950 5953 5966 5968 6053 6059 6288 6291 6384 6885 6899 6966 7017 7176 7183 7184 7199 7340 7343 7496 7534 
38 :
22 47 52 63 67 75 89 101 102 104 111 113 126 131 135 138 144 242 244 245 246 247 250 646 960 961 1501 1540 1557 1863 1867 1951 1955 1960 1962 1964 1977 2173 2174 2178 2179 2462 2463 2704 2705 2707 2737 2739 2747 2781 2969 3054 3055 3060 3172 3210 3287 3315 3327 3328 3501 3530 3582 3583 3585 3621 3641 3642 3644 3657 3660 3667 3681 3691 3696 3811 3941 4208 4209 4210 4211 4245 4246 4247 4250 4252 4260 4261 4286 4625 4650 4662 4918 4982 5015 5239 5275 5282 5283 5284 5285 5385 5386 5405 5714 5725 5728 5731 6023 6038 6048 6242 6245 6312 6313 6368 6369 6370 6372 6916 6917 6923 7600 
39 :
282 297 458 1460 1851 1853 1930 1992 1993 2014 2015 2095 2192 2254 2258 2373 2617 2622 2631 3121 3245 3323 3386 3965 4099 4371 4373 4390 4395 4402 4412 4413 4422 4423 4433 4439 4440 4448 4449 4458 4460 4554 4567 4568 4569 4572 4573 4599 4604 4605 4677 4691 4699 4791 4815 4816 4909 4960 4996 5031 5057 5058 5059 5060 5064 5083 5119 5122 5156 5223 5639 5650 5658 5663 5664 5665 5666 5667 5698 5701 5702 6215 6395 6455 6524 6564 6655 6660 6663 6664 6674 6675 6676 6677 6678 6700 6701 6706 6707 6708 6709 6710 6711 6732 6738 7156 7157 7158 7159 7214 7215 7216 7217 7412 7548 7565 7609 7623 7665 
40 :
97 98 99 378 464 806 955 959 993 1278 1349 1470 1536 1739 1740 1780 1785 2387 2479 2491 2935 2964 3056 3683 3689 3744 3757 3759 3942 3953 4128 4154 4166 4178 4646 4654 4657 4727 4747 4776 4937 4940 4972 5170 5178 5276 5277 6108 6124 6175 6364 6911 6921 7584 
41 :
7 423 424 428 432 435 436 497 596 597 599 674 743 748 818 882 913 921 922 937 938 963 1058 1062 1063 1066 1068 1069 1080 1081 1089 1097 1108 1129 1150 1234 1235 1396 1398 1400 1471 1591 1592 1593 1595 1635 1640 1642 1644 1650 1673 1683 1797 1813 1814 1873 1981 1986 2071 2113 2170 2276 2323 2324 2503 2504 2518 2676 2681 2683 2692 2768 2793 2908 2910 2942 2999 3138 3139 3231 3297 3298 3405 3406 3407 3436 3444 3712 3969 4001 4307 4310 4320 4361 4630 4826 4828 4830 4832 4833 4835 5037 5050 5218 5360 5418 5423 5454 5464 5475 5627 5749 5772 5799 5800 5801 5835 5846 5911 5924 5927 5931 5945 5980 6282 6293 6295 6443 6509 6748 6750 6751 6752 6756 6815 6817 6818 6819 6900 6953 6996 7033 7100 7166 7173 7174 7185 7187 7188 7191 7193 7195 7202 7278 7280 7287 7299 7339 7443 7530 7531 7532 7533 7540 7542 7566 
42 :
269 348 352 413 498 530 675 676 679 684 746 1114 1139 1157 1158 1200 1206 1207 1232 1355 1356 1357 1358 1431 1450 1452 1454 1578 1583 1651 1653 1691 1693 1702 1733 1734 1736 1790 1811 1831 1832 2070 2111 2115 2121 2181 2260 2441 2443 2532 2672 2698 3105 3270 3564 3618 3711 3720 3722 3902 3927 3959 4354 4379 4384 4495 4503 4514 4545 4872 4899 5004 5041 5199 5217 5362 5468 5474 5482 5643 5644 5648 5652 5751 5752 5756 5757 5761 5774 5941 5994 6259 6260 6263 6474 6498 6795 6831 6869 6870 6895 6896 6897 6898 6982 7196 7200 7273 7325 7406 7460 7480 7482 7495 7539 7613 7614 7655 7656 7657 
43 :
12 29 57 150 184 211 382 488 502 508 557 647 780 794 795 800 822 866 908 982 1261 1410 1413 1415 1505 1539 1543 1561 1690 1719 1749 1750 1752 1777 1782 1783 1865 1866 1868 1871 1934 1947 2118 2133 2285 2304 2321 2396 2476 2485 2494 2496 2576 2580 2612 2748 2758 2791 2799 2838 2850 2853 2907 2968 2982 3014 3015 3018 3024 3025 3046 3176 3196 3221 3484 3491 3518 3557 3580 3584 3682 3751 3764 3784 3803 3813 3829 3840 3847 3852 3859 3860 3951 3998 4025 4026 4079 4098 4117 4119 4132 4133 4173 4174 4181 4184 4187 4192 4193 4203 4217 4272 4274 4277 4613 4628 4648 4652 4720 4752 4755 4772 4839 4914 4942 5009 5019 5230 5247 5281 5302 5321 5324 5325 5327 5521 5522 5602 5603 5614 5615 5727 5789 5999 6050 6064 6112 6113 6126 6127 6141 6184 6240 6281 6286 6333 6349 6373 6438 6877 6888 6889 6905 6907 6999 7028 7035 7052 7053 7086 7135 7175 7370 7417 7583 
44 :
6 19 156 162 167 170 220 361 364 365 366 489 500 510 553 572 582 583 592 594 628 631 633 649 730 731 735 753 771 809 811 813 819 824 875 890 924 1117 1146 1262 1263 1268 1274 1343 1384 1392 1393 1688 1718 1778 1788 1914 1916 1922 1924 2073 2232 2273 2275 2330 2331 2389 2408 2409 2510 2514 2733 2759 2760 2787 2839 2840 2849 2875 2878 2881 2883 2892 2894 2925 2933 2947 2972 2973 2980 2981 2983 3001 3005 3036 3103 3337 3520 3537 3541 3542 3548 3551 3555 3562 3566 3567 3570 3573 3575 3577 3588 3592 3602 3610 3629 3633 3692 3727 3738 3740 3743 3762 3800 3820 4266 4308 4321 4322 4769 4974 5161 5163 5171 5176 5177 5179 5314 5340 5453 5484 5553 5573 5577 5588 5717 5737 5783 5786 5787 5788 5790 5797 5944 5947 5972 5975 5982 5983 6001 6003 6006 6097 6105 6116 6117 6160 6180 6182 6186 6200 6203 6274 6284 6512 6876 6883 6992 7023 7031 7032 7034 7048 7049 7054 7063 7074 7081 7129 7137 7141 7142 7147 7148 7150 7151 7169 7190 7205 7331 7442 7448 7451 
45 :
344 345 434 527 537 621 1071 1072 1075 1110 1123 1124 1125 1143 1164 1176 1177 1184 1219 1220 1586 1611 1639 1643 1667 1671 1990 2008 2041 2069 2089 2230 2310 2312 2356 2649 2650 2682 2684 2685 2687 2688 2914 3129 3374 3410 3420 4124 4359 4367 4374 4633 4636 4637 4638 4639 4640 4809 4814 4818 4857 5030 5044 5051 5200 5353 5358 5415 5467 5669 5760 5806 5867 5868 5929 5951 6444 6451 6452 6459 6462 6469 6490 6719 6729 6730 6759 6767 6902 6942 6945 6947 6965 6976 7101 7201 7277 7290 7314 7315 7316 7317 7318 7387 7446 7447 7464 7563 7567 7568 7569 7668 
46 :
275 1428 1492 2152 2283 2431 2448 2540 2621 2626 4348 4350 4357 4555 4566 4574 4575 4576 4578 4582 4608 4705 5191 5686 6526 6527 6568 6585 6591 6661 6662 6680 6837 6841 6842 6848 6850 6867 6925 6926 6927 6928 6986 7106 7114 7115 7634 7635 7662 7664 
47 :
83 84 110 143 197 228 237 261 373 374 678 695 698 700 776 788 869 1304 1305 1307 1315 1412 1414 1500 1559 1568 1772 1860 2129 2475 2481 2572 2586 2798 2809 2961 3161 3189 3222 3288 3289 3290 3314 3354 3357 3497 3503 3553 3561 3595 3607 3614 3808 4000 4006 4008 4084 4127 4163 4186 4188 4204 4226 4230 4931 5253 5400 5402 5506 5508 5609 5616 5617 5733 6022 6041 6045 6230 6231 6302 6374 6418 7356 
48 :
3 17 33 109 174 205 370 399 400 568 648 851 945 1275 1303 2081 2085 2461 2842 2970 3348 3475 3476 3487 3490 3680 3790 3797 3858 3862 3933 4005 4007 4056 4075 4077 4094 4142 5005 5299 5326 5587 5710 6012 6031 6051 6095 6121 6142 6177 6301 6993 7039 7439 7523 
49 :
301 309 459 460 480 481 618 651 652 1474 1475 1476 1477 1483 1487 1696 1721 1723 1724 1827 1889 2020 2035 2037 2043 2046 2053 2055 2077 2091 2092 2151 2156 2157 2158 2187 2205 2218 2333 2344 2369 2421 2427 2628 2644 2718 2719 2827 3124 3415 3471 3879 3881 3893 3910 3924 4327 4375 4376 4382 4383 4387 4388 4397 4400 4401 4403 4425 4434 4435 4438 4550 4634 4674 4687 4688 4697 4702 4708 4822 4957 5008 5029 5036 5038 5055 5073 5074 5079 5107 5127 5143 5145 5157 5190 5192 5193 5227 5629 5636 5638 5641 5642 5661 5670 5673 5674 5676 6262 6448 6454 6456 6464 6465 6468 6470 6471 6500 6518 6528 6531 6563 6715 6718 6733 6734 6735 6737 6740 6787 6794 6796 6931 6933 6936 6937 7110 7160 7161 7220 7391 7397 7415 7544 7637 7638 7646 
50 :
389 422 427 431 520 522 613 622 666 667 926 1059 1061 1073 1076 1082 1083 1084 1085 1086 1087 1088 1093 1102 1109 1112 1163 1201 1211 1368 1371 1372 1441 1584 1607 1608 1612 1614 1655 1659 1668 1675 1768 1872 1907 1933 2165 2350 2374 2375 2407 2613 2695 2752 2761 2832 2874 2916 3136 3234 3235 3889 4122 4311 4787 4846 4853 4856 4890 5034 5052 5151 5203 5214 5422 5462 5463 5476 5477 5479 5480 5481 5720 5764 5766 5798 5814 5816 5824 5831 5841 5857 5876 5880 5898 5899 5917 6268 6294 6434 6435 6437 6515 6940 6958 6959 6960 6968 6971 6973 7177 7338 7400 7462 7467 7661 
51 :
188 270 271 272 274 470 722 783 799 1038 1040 1041 1338 1341 1342 1760 1837 1839 1859 1887 2138 2388 2393 2487 2490 2519 2639 2782 2843 2864 2934 2937 2945 2948 3165 3500 3646 3677 3690 3768 4143 4150 4152 4531 4534 4535 4536 4539 4540 4541 4782 4785 5244 5245 5246 5554 5558 5582 5584 6008 6013 6080 6122 6135 6143 6149 6183 6185 6189 6192 6224 6225 6347 6350 6890 7083 7146 7207 7332 7364 7365 7366 7371 7407 7408 7409 
52 :
287 292 410 412 414 419 442 454 482 484 485 487 547 1218 1459 1480 1486 1618 1700 1792 1794 1880 1881 1893 2153 2155 2349 2422 2424 2446 2447 2542 2629 3140 3383 3384 3387 3388 3390 3416 3907 3957 4292 4298 4301 4302 4303 4381 4386 4564 4577 4598 4664 4952 4959 4987 5131 5134 5237 5368 5379 5681 5682 5703 5704 6580 6599 6600 6607 6615 6620 6623 6624 6626 6632 6633 6634 6637 6638 6641 6642 6643 6645 6646 6647 6648 6652 6832 6838 6839 6859 6892 6989 7271 7324 7605 7606 7607 7608 7621 7622 7645 
53 :
28 30 74 81 100 142 377 715 1297 1308 1318 1319 1544 1549 1742 1942 2952 3122 3218 3632 3647 3662 3802 3806 3809 3812 3817 3864 4045 4241 4257 4258 4281 4653 4660 4711 4712 4714 4715 4722 4731 4935 5266 5268 5392 5610 5623 5624 5625 5626 6027 6054 6246 6320 6321 6322 6407 6408 6413 7601 
54 :
358 359 360 390 425 445 554 560 584 587 590 615 619 623 693 750 759 760 884 887 898 925 931 943 951 1079 1092 1094 1099 1103 1105 1116 1118 1119 1121 1133 1137 1140 1147 1155 1214 1360 1361 1366 1381 1389 1390 1401 1426 1468 1577 1589 1606 1619 1636 1657 1660 1687 1711 1833 1891 1913 1983 1987 2233 2355 2362 2368 2505 2535 2675 2680 2753 2765 2766 2769 2811 2915 2922 2923 2929 2940 3006 3108 3109 3229 3239 3303 3334 3361 3362 3441 3447 3493 3495 3534 3549 3550 3556 3581 3725 3779 3794 3968 3980 4319 4522 4523 4629 4631 4758 4961 4983 5024 5035 5205 5210 5350 5359 5365 5413 5417 5424 5448 5455 5457 5470 5478 5548 5551 5574 5576 5632 5709 5739 5758 5763 5770 5775 5793 5805 5809 5851 5853 5855 5861 5878 5891 5892 5903 5904 5908 5909 5925 5928 5935 5939 5976 6256 6290 6507 6508 6689 6745 6812 6961 6977 7055 7117 7123 7125 7126 7127 7130 7139 7172 7180 7181 7212 7274 7282 7341 7388 7389 7433 7437 7440 7458 7471 7497 7537 7570 
55 :
304 305 324 343 346 347 349 542 1042 1043 1044 1045 1047 1048 1857 1998 2010 2011 2012 2017 2021 2026 2027 2031 2032 2034 2036 2050 2052 2074 2075 2076 2093 2195 2199 2200 2201 2202 2208 2209 2216 2219 2223 2240 2256 2265 2326 2341 2646 2651 2656 2657 2658 2659 2662 2663 2664 2665 2667 2668 2669 2670 2674 2677 2678 2690 2691 2699 3142 3144 3145 3146 3345 3366 3369 3370 3371 3372 3449 3450 3459 3868 4109 4362 4409 4410 4411 4414 4415 4416 4417 4418 4419 4420 4421 4424 4800 4807 4811 4824 5068 5069 5080 5081 5085 5090 5091 5096 5098 5102 5115 5116 5117 5123 5442 5444 5659 6449 6457 6463 6692 6699 6712 6716 6728 6763 6770 6783 6784 6786 6788 6803 6805 6806 6807 6939 6941 7296 7298 7300 7302 7313 7319 7396 7463 
56 :
23 25 56 96 255 462 463 503 565 588 635 677 696 704 708 712 752 817 874 883 953 996 1148 1199 1208 1291 1294 1337 1456 1465 1526 1573 1597 1599 1600 1808 1844 1869 1870 1908 2103 2109 2175 2176 2358 2378 2398 2399 2451 2502 2509 2731 2755 2763 2800 2812 2911 2971 3009 3035 3090 3110 3111 3272 3273 3293 3319 3336 3360 3417 3429 3432 3474 3481 3492 3522 3538 3571 3576 3709 3726 3776 3788 3828 3837 3865 3884 3929 4012 4017 4019 4020 4031 4219 4220 4240 4305 4314 4615 4753 4858 4859 4891 4900 4901 4953 4978 5000 5344 5361 5396 5410 5449 5451 5515 5523 5524 5525 5723 5732 5767 5768 5808 5882 5883 5922 5923 5959 5964 5996 6002 6055 6058 6060 6371 6383 6414 6415 6461 6887 6979 7029 7030 7120 7121 7122 7170 7438 7469 7474 7478 7486 7487 7494 7527 7529 7536 7554 7557 
57 :
332 333 339 340 433 749 756 1060 1064 1067 1090 1096 1101 1104 1111 1603 1626 1632 1656 1681 1850 1854 1855 1856 1877 1985 1991 2019 2040 2065 2097 2147 2148 2150 2160 2211 2267 2315 2634 2637 2638 2645 2919 3125 3127 3339 3342 3344 3396 3403 3870 3895 4355 4399 4446 4447 4450 4456 4457 4459 4461 4670 4681 4788 4796 4797 4798 5133 5236 5343 5461 5662 5678 5700 5900 5907 5938 6390 6391 6392 6393 6394 6475 6530 6560 6570 6679 6773 6774 6829 6938 6946 6981 7015 7016 7213 7218 7222 7390 7465 7468 7560 7561 7564 
58 :
35 44 60 108 116 148 157 158 159 191 208 222 234 236 446 493 570 576 741 797 862 864 991 1534 1538 1567 1898 1937 2123 2469 2486 2495 2499 2568 2569 2575 2596 2848 2852 2860 2887 2890 2900 2949 3003 3059 3194 3197 3202 3207 3499 3509 3545 3572 3599 3627 3639 3665 3698 3733 3750 3807 3854 3938 4126 4129 4139 4140 4145 4160 4164 4185 4254 4291 4477 4484 4656 4733 4735 4746 4765 4778 4779 4910 4911 4951 4971 5166 5249 5250 5251 5252 5495 5557 5567 5586 5608 5618 5621 6017 6020 6021 6065 6068 6072 6115 6137 6139 6174 6199 6228 6299 6303 6306 6310 6323 6325 6334 6366 6398 6439 6904 7041 7042 7080 7351 7352 7361 7580 7587 
59 :
279 280 289 291 296 531 609 1170 1174 1182 1210 1243 1246 1253 1433 1439 1458 1698 1730 1825 1909 1994 2547 2616 2829 3418 3426 3866 3888 3894 3904 3905 3915 3919 3923 3926 3956 4328 4342 4511 4589 4590 4591 4602 4610 4665 4686 4966 5141 5159 5186 5231 5234 5370 5375 5547 5692 5819 5856 5858 5869 6479 6480 6555 6557 6630 6631 6639 6640 6644 6649 7604 7636 7653 
60 :
62 105 107 121 125 132 152 178 179 186 190 195 204 210 212 215 226 238 372 449 450 469 471 585 726 734 736 786 787 829 836 989 1623 1764 1899 1936 1972 1976 2080 2163 2234 2302 2384 2562 2571 2579 2588 2590 2591 2845 2884 3023 3048 3049 3051 3078 3079 3093 3185 3216 3217 3219 3330 3521 3523 3594 3605 3613 3631 3635 3645 3656 3658 3661 3666 3697 3704 3732 3748 3771 3772 3773 4180 4189 4279 4280 4290 4761 4915 5257 5258 5260 5263 5287 5288 5294 5308 5384 5490 5497 5507 5561 5583 5589 5590 5598 5599 5600 6000 6005 6011 6014 6019 6035 6066 6077 6078 6087 6106 6111 6118 6130 6150 6162 6163 6170 6173 6181 6226 6297 6386 6978 7019 7045 7046 7061 7326 7349 7350 7358 7551 
61 :
0 20 26 34 46 80 241 257 258 405 501 512 518 579 595 632 661 686 687 820 826 846 853 870 879 896 917 920 927 932 964 966 968 998 1003 1007 1010 1016 1022 1025 1030 1255 1256 1257 1259 1260 1270 1271 1284 1336 1463 1510 1533 1594 1784 1906 2114 2127 2134 2137 2172 2180 2183 2277 2299 2352 2363 2454 2601 2604 2706 2736 2744 2767 2778 2789 2817 2974 3294 3304 3305 3307 3308 3309 3482 3515 3777 3789 3804 3805 3822 3823 3825 3833 3849 3850 3851 3949 4035 4039 4040 4050 4051 4085 4269 4309 4616 4895 4898 4964 4969 4973 5395 5531 5741 5948 5965 5970 6049 6052 6252 6280 6289 6292 6378 6379 6382 6416 6503 7104 7477 
62 :
334 383 1142 1346 1347 1391 1395 1397 1574 1602 1609 1610 1613 1637 1638 1710 1712 1834 2000 2001 2002 2006 2007 2039 2207 2221 2222 2248 2249 2313 2316 2317 2328 2615 2693 2893 2928 3126 3128 3332 3446 3456 4365 4370 4372 4428 4451 4452 4454 4455 4462 4463 4464 4632 4635 4641 4820 4823 5110 5118 5125 5126 5183 5195 5197 5198 5202 5219 5434 5466 5549 5918 5920 5926 5930 6213 6214 6388 6436 6801 6813 6944 6952 6956 7392 7444 7461 7466 7553 
63 :
48 354 355 466 505 533 534 562 578 589 603 606 616 620 671 878 895 903 904 942 999 1015 1023 1029 1036 1074 1077 1122 1126 1156 1168 1169 1222 1369 1370 1405 1498 1587 1625 1665 1694 1910 1932 1988 2104 2106 2131 2282 2308 2530 2614 2774 2872 3098 3100 3101 3104 3240 3242 3243 3248 3282 3544 3710 3878 3974 4089 4234 4235 4264 4267 4296 4316 4343 4344 4364 4520 4642 4802 4804 4805 4808 4813 4873 5010 5033 5046 5049 5148 5188 5212 5213 5221 5329 5330 5336 5337 5351 5352 5356 5436 5443 5450 5472 5473 5630 5634 5656 5834 5863 5865 5881 5886 5915 5932 5960 6211 6954 6990 7124 7210 7211 7276 7459 7562 7572 
64 :
68 187 206 252 574 716 728 1285 1351 1542 1545 1552 1715 1744 1745 1755 1757 1938 1939 1967 1979 2177 2381 2386 2578 2592 2608 2641 2700 2730 2801 2820 2897 2967 3173 3174 3175 3177 3188 3203 3223 3355 3659 3752 4042 4112 4262 4288 4289 4473 4643 4655 4739 4786 5180 5182 5278 5279 5310 5397 5516 5596 5597 5607 5730 6015 6033 6047 6076 6110 6136 6304 6335 6412 7040 7047 7432 
65 :
278 311 314 320 351 353 415 416 453 538 539 653 1481 1485 1488 1628 1630 1852 2003 2009 2033 2044 2047 2048 2051 2068 2139 2140 2141 2142 2145 2149 2184 2185 2224 2225 2229 2231 2238 2239 2241 2242 2243 2244 2246 2257 2262 2270 2345 2348 2660 2661 2708 2710 2721 2722 2724 2726 3037 3038 3044 3391 3392 3393 3394 3400 3869 3871 3875 4377 4570 4592 4593 4594 4671 4678 4679 4683 4689 4692 4759 4795 4821 4825 4906 5016 5061 5101 5104 5111 5124 5130 5132 5196 5235 5378 5382 5383 5693 5695 6485 6486 6517 6533 6534 6541 6542 6548 6549 6550 6552 6558 6559 6595 6603 6604 6609 6611 6627 6629 6635 6636 6669 6695 6799 6822 6824 6827 6840 6851 6852 6893 6894 6930 6984 6985 7394 7402 7403 7411 7610 7628 7629 7630 7631 7647 7648 7649 7650 7651 7652 
66 :

67 :

68 :

69 :

70 :

71 :

72 :

73 :

74 :

75 :

76 :

77 :

78 :

79 :

80 :

81 :

82 :

83 :

84 :

85 :

86 :

87 :

88 :

89 :

90 :

91 :

92 :

93 :

94 :

95 :

96 :

97 :

98 :

99 :

100 :

101 :

102 :

103 :

104 :

105 :

106 :

107 :

108 :

109 :

110 :

111 :

112 :

113 :

114 :

115 :

116 :

117 :

118 :

119 :

120 :

121 :

122 :

123 :

124 :

125 :

126 :

127 :

128 :

129 :

130 :

131 :

132 :

133 :

134 :

135 :

136 :

137 :

138 :

139 :

140 :

141 :

142 :

143 :

144 :

145 :

146 :

147 :

148 :

149 :

150 :

151 :

152 :

153 :

154 :

155 :

156 :

157 :

158 :

159 :

160 :

161 :

162 :

163 :

164 :

165 :

166 :

167 :

168 :

169 :

170 :

171 :

172 :

173 :

174 :

175 :

176 :

177 :

178 :

179 :

180 :

181 :

182 :

183 :

184 :

185 :

186 :

187 :

188 :

189 :

190 :

191 :

192 :

193 :

194 :

195 :

196 :

197 :

198 :

199 :

